##TITLE= Parameter file, TOPSPIN		Version 1.5
##JCAMPDX= 5.0
##DATATYPE= Parameter Values
##ORIGIN= Bruker BioSpin GmbH
##OWNER= nmr
$$ 2013-07-09 10:42:13.270 +0200  nmr@MVMVM040
$$ /opt/topspin/data/nmrsu/nmr/Diff_7Li_Diff30_5mm/1/pdata/1/clevels
##$LEVELS= (0..255)
-53733.6676731378 -29852.0375961876 -16584.4653312154 -9213.5918506752 
-5118.662139264 -2843.70118848 -1579.8339936 -877.685552 877.685552 1579.8339936 
2843.70118848 5118.662139264 9213.5918506752 16584.4653312154 29852.0375961876 
53733.6676731378 0 0 0 0 0 0 0 0 0 0 0 0 0 0 0 0 0 0 0 0 0 0 0 0 0 0 0 
0 0 0 0 0 0 0 0 0 0 0 0 0 0 0 0 0 0 0 0 0 0 0 0 0 0 0 0 0 0 0 0 0 0 0 
0 0 0 0 0 0 0 0 0 0 0 0 0 0 0 0 0 0 0 0 0 0 0 0 0 0 0 0 0 0 0 0 0 0 0 
0 0 0 0 0 0 0 0 0 0 0 0 0 0 0 0 0 0 0 0 0 0 0 0 0 0 0 0 0 0 0 0 0 0 0 
0 0 0 0 0 0 0 0 0 0 0 0 0 0 0 0 0 0 0 0 0 0 0 0 0 0 0 0 0 0 0 0 0 0 0 
0 0 0 0 0 0 0 0 0 0 0 0 0 0 0 0 0 0 0 0 0 0 0 0 0 0 0 0 0 0 0 0 0 0 0 
0 0 0 0 0 0 0 0 0 0 0 0 0 0 0 0 0 0 0 0 0 0 0 0 0 0 0 0 0 0 0 0 0 0 0 
0 0 0
##$LEVSIGN= 3
##$MAXLEV= 8
##$METHOD= 0
##$NEGBASE= -877.685552
##$NEGINCR= 1.8
##$POSBASE= 877.685552
##$POSINCR= 1.8
##END=
