49
8.3 0 0
0 0 1
4131.08 3.93456e+10 4955
18.8 0 0
0 0 1
4131.75 3.75776e+10 5041
29.3 0 0
0 0 1
4132.85 3.34264e+10 5461
39.8 0 0
0 0 1
4132.22 2.88232e+10 7630
50.3 0 0
0 0 1
4132.36 2.36167e+10 4775
60.9 0 0
0 0 1
4130.34 1.84367e+10 4603
71.4 0 0
0 0 1
4133.26 1.33614e+10 4429
81.9 0 0
0 0 1
4131.68 8.85558e+09 4368
92.4 0 0
0 0 1
4133.04 6.35355e+09 4352
102.9 0 0
0 0 1
4132 4.00175e+09 4286
113.4 0 0
0 0 1
4135.34 1.41292e+09 4225
123.9 0 0
0 0 1
4131 2.8862e+08 0
134.4 0 0
0 0 1
4131 -2.65948e+08 0
144.9 0 0
0 0 1
4131 -3.76615e+08 0
155.5 0 0
0 0 1
4131 -9.80056e+08 0
166 0 0
0 0 1
4131 -1.30905e+09 0
-1 0 0
