49
8.3 0 0
0 0 1
4131.08 3.88809e+08 4955
18.8 0 0
0 0 1
4131.75 3.72083e+08 5041
29.3 0 0
0 0 1
4132.85 3.31484e+08 5461
39.8 0 0
0 0 1
4132.22 2.85445e+08 7630
50.3 0 0
0 0 1
4132.36 2.34239e+08 4775
60.9 0 0
0 0 1
4130.34 1.82758e+08 4603
71.4 0 0
0 0 1
4133.26 1.33348e+08 4429
81.9 0 0
0 0 1
4131.68 8.94311e+07 4368
92.4 0 0
0 0 1
4133.04 6.39709e+07 4352
102.9 0 0
0 0 1
4132 4.05943e+07 4286
113.4 0 0
0 0 1
4135.34 1.59797e+07 4225
123.9 0 0
0 0 1
4131 0 0
134.4 0 0
0 0 1
4131 0 0
144.9 0 0
0 0 1
4131 0 0
155.5 0 0
0 0 1
4131 0 0
166 0 0
0 0 1
4131 0 0
-1 0 0
