97
0.1 0 0
0 0 1
3671.72 2.89441e+10 6033
16.2 0 0
0 0 1
3669.84 3.07587e+10 7011
32.4 0 0
0 0 1
3670.2 2.944e+10 6945
48.5 0 0
0 0 1
3670.43 2.76143e+10 7477
64.6 0 0
0 0 1
3669.55 2.53416e+10 7058
80.7 0 0
0 0 1
3670.93 2.26524e+10 6932
96.8 0 0
0 0 1
3671.01 1.96594e+10 7843
113 0 0
0 0 1
3671.25 1.66953e+10 6657
129.1 0 0
0 0 1
3670.95 1.37393e+10 5420
145.2 0 0
0 0 1
3670.28 1.10885e+10 5502
161.3 0 0
0 0 1
3670.09 8.71092e+09 5394
177.4 0 0
0 0 1
3670.44 6.67684e+09 6201
193.6 0 0
0 0 1
3670.43 5.00925e+09 6470
209.7 0 0
0 0 1
3670.87 3.64143e+09 5646
225.8 0 0
0 0 1
3670.54 2.58314e+09 4505
241.9 0 0
0 0 1
3671.16 1.78468e+09 4961
258 0 0
0 0 1
3670.92 1.24028e+09 4171
274.2 0 0
0 0 1
3669.9 7.70674e+08 8134
290.3 0 0
0 0 1
3672.75 5.0331e+08 4419
306.4 0 0
0 0 1
3670.51 3.29396e+08 7318
322.5 0 0
0 0 1
3670.27 1.80554e+08 3932
338.6 0 0
0 0 1
3667.72 1.03373e+08 3775
354.8 0 0
0 0 1
3669.05 8.42323e+07 3872
370.9 0 0
0 0 1
3666.88 3.09317e+07 3791
387 0 0
0 0 1
3669 -1.4899e+06 0
403.1 0 0
0 0 1
3669 1.50784e+07 0
419.2 0 0
0 0 1
3669 9.95007e+06 0
435.4 0 0
0 0 1
3669 4.2369e+06 0
451.5 0 0
0 0 1
3669 2.48627e+06 0
467.6 0 0
0 0 1
3669 -7.76459e+06 0
483.7 0 0
0 0 1
3669 6.28469e+06 0
499.8 0 0
0 0 1
3669 1.9101e+06 0
-1 0 0
