97
0.1 0 0
0 0 1
3671.72 3.52063e+08 6033
16.2 0 0
0 0 1
3669.84 3.7243e+08 7011
32.4 0 0
0 0 1
3670.2 3.52592e+08 6945
48.5 0 0
0 0 1
3670.43 3.30687e+08 7477
64.6 0 0
0 0 1
3669.55 3.03976e+08 7058
80.7 0 0
0 0 1
3670.93 2.70912e+08 6932
96.8 0 0
0 0 1
3671.01 2.35437e+08 7843
113 0 0
0 0 1
3671.25 1.99628e+08 6657
129.1 0 0
0 0 1
3670.95 1.64718e+08 5420
145.2 0 0
0 0 1
3670.28 1.32776e+08 5502
161.3 0 0
0 0 1
3670.09 1.0431e+08 5394
177.4 0 0
0 0 1
3670.44 7.99278e+07 6201
193.6 0 0
0 0 1
3670.43 5.99203e+07 6470
209.7 0 0
0 0 1
3670.87 4.33751e+07 5646
225.8 0 0
0 0 1
3670.54 3.08459e+07 4505
241.9 0 0
0 0 1
3671.16 2.12854e+07 4961
258 0 0
0 0 1
3670.92 1.47145e+07 4171
274.2 0 0
0 0 1
3669.9 9.13335e+06 8134
290.3 0 0
0 0 1
3672.75 6.01171e+06 4419
306.4 0 0
0 0 1
3670.51 3.92715e+06 7318
322.5 0 0
0 0 1
3670.27 2.18658e+06 3932
338.6 0 0
0 0 1
3667.72 1.29385e+06 3775
354.8 0 0
0 0 1
3669.05 917385 3872
370.9 0 0
0 0 1
3666.88 392995 3791
387 0 0
0 0 1
3669 0 0
403.1 0 0
0 0 1
3669 0 0
419.2 0 0
0 0 1
3669 0 0
435.4 0 0
0 0 1
3669 0 0
451.5 0 0
0 0 1
3669 0 0
467.6 0 0
0 0 1
3669 0 0
483.7 0 0
0 0 1
3669 0 0
499.8 0 0
0 0 1
3669 0 0
-1 0 0
