Time: 14:02; Datum: 22.07.2015
Sample Area [sqmm]: 0,000
Sample Thickness [mm]: 0,000
Voltage Level [V]: 0,010


F[Hz]		Z[Ohm]		Theta		Temperatur[°C]
60,000000	31424470,000000	67,948040
61,724000	40299790,000000	-0,098428
63,497000	8378584,000000	129,694700
65,322000	32737100,000000	-92,214720
67,198000	40858510,000000	9,336696
69,129000	15284820,000000	179,500400
71,115000	106414600,000000	10,401840
73,159000	68171900,000000	44,992750
75,261000	150926100,000000	-153,534100
77,423000	168800400,000000	-23,549150
79,647000	91668720,000000	-24,069230
81,936000	45764840,000000	-52,917530
84,290000	43568470,000000	-58,817310
86,712000	88019090,000000	-39,176020
89,203000	66784350,000000	-81,196750
91,766000	115077400,000000	168,421300
94,403000	67591590,000000	26,806400
97,115000	87545240,000000	-80,059460
99,905000	41530180,000000	8,557913
102,776000	84412850,000000	-80,522630
105,729000	35398170,000000	-103,355200
108,766000	112290200,000000	-41,837660
111,891000	203116200,000000	-96,603610
115,106000	60035120,000000	-122,504300
118,413000	102881900,000000	177,128200
121,815000	58065640,000000	-58,262030
125,315000	199667300,000000	-122,733700
128,916000	81393600,000000	178,867800
132,620000	98838730,000000	-16,651140
136,430000	242515200,000000	-106,977400
140,350000	89650580,000000	53,754020
144,383000	42313060,000000	47,045980
148,531000	50221420,000000	163,828500
152,798000	138554600,000000	-71,977660
157,189000	32483000,000000	-140,597100
161,705000	30925720,000000	-44,959130
166,351000	46580590,000000	-127,426200
171,130000	54525530,000000	-165,492900
176,047000	46853540,000000	-57,070100
181,105000	221583600,000000	160,847700
186,309000	60021290,000000	1,217806
191,662000	38753080,000000	-134,568000
197,168000	29953560,000000	-175,047100
202,833000	37915320,000000	-2,888277
208,661000	69959780,000000	25,691630
214,656000	56339400,000000	-36,513800
220,824000	84863510,000000	-101,431100
227,168000	87782180,000000	-160,642700
233,695000	80915410,000000	-54,222520
240,409000	50856160,000000	-24,843510
247,317000	54037810,000000	-29,637810
254,423000	52506210,000000	-84,942220
261,733000	66507610,000000	-115,358400
269,252000	344588100,000000	-113,778800
276,989000	110178300,000000	-80,104050
284,947000	102513600,000000	-68,883380
293,134000	35699910,000000	-68,158190
301,556000	39031970,000000	-60,217000
310,220000	458556100,000000	-15,659650
319,133000	40523310,000000	-74,748190
328,302000	103401900,000000	-67,986080
337,735000	71096980,000000	36,526870
347,439000	237640300,000000	169,470000
357,421000	72936240,000000	-134,993100
367,690000	79791680,000000	-49,954260
378,255000	88409690,000000	-65,375370
389,123000	199580100,000000	-92,520710
400,303000	50060420,000000	-61,328000
411,804000	74087020,000000	-56,130390
423,636000	88664640,000000	-125,503200
435,807000	32983160,000000	-73,993970
448,329000	23024900,000000	-49,870740
461,210000	28461280,000000	-80,281040
474,461000	44300410,000000	-115,673800
488,093000	39624000,000000	-96,242280
502,117000	49051420,000000	-96,095640
516,543000	57661150,000000	-107,367200
531,384000	54191060,000000	-113,746800
546,652000	70124920,000000	-103,294200
562,358000	52647050,000000	-99,640080
578,516000	61191020,000000	-86,816600
595,137000	33731700,000000	-108,733400
612,236000	90011480,000000	-106,175700
629,827000	29234360,000000	-83,648460
647,923000	23719460,000000	-99,038640
666,538000	152809000,000000	105,874500
685,689000	46370210,000000	-77,912660
705,390000	86911130,000000	-89,144670
725,657000	49634100,000000	-97,548610
746,506000	16705360,000000	-75,788310
767,954000	45634550,000000	-111,241200
790,019000	49936070,000000	-79,544400
812,717000	20940790,000000	-82,641060
836,068000	23878780,000000	-92,187870
860,090000	32488700,000000	-77,955330
884,801000	38556080,000000	-96,810980
910,223000	40469300,000000	-95,025440
936,375000	27990900,000000	-74,184840
963,278000	38568300,000000	-109,147800
990,955000	28112660,000000	-107,742400
1019,427000	31196880,000000	-86,369930
1048,716000	31286810,000000	-65,430270
1078,847000	25391120,000000	-85,885590
1109,844000	28941370,000000	-87,864360
1141,732000	27163680,000000	-80,480910
1174,536000	22837090,000000	-96,732180
1208,282000	24546120,000000	-88,714360
1242,998000	29590410,000000	-84,150090
1278,711000	24079910,000000	-87,279940
1315,450000	27104230,000000	-108,714300
1353,245000	20323360,000000	-81,304770
1392,126000	20330740,000000	-89,209410
1432,124000	22373900,000000	-83,351040
1473,271000	20852840,000000	-96,912520
1515,600000	19914110,000000	-91,770900
1559,145000	19512390,000000	-90,556380
1603,942000	17135310,000000	-87,461220
1650,026000	14392630,000000	-85,640550
1697,434000	18177590,000000	-89,227280
1746,203000	17458690,000000	-94,089490
1796,374000	16338390,000000	-88,659450
1847,987000	15102310,000000	-90,029030
1901,083000	16450550,000000	-86,034710
1955,704000	14494950,000000	-91,285310
2011,894000	14754620,000000	-86,340640
2069,699000	14549290,000000	-88,963040
2129,164000	13883870,000000	-86,397290
2190,338000	13982490,000000	-88,180850
2253,270000	13269330,000000	-91,600800
2318,010000	12443470,000000	-95,909200
2384,610000	12565260,000000	-88,734060
2453,123000	13015480,000000	-84,329640
2523,605000	12400620,000000	-86,137660
2596,112000	11316030,000000	-89,195060
2670,703000	11091310,000000	-90,002490
2747,436000	10682930,000000	-83,499590
2826,374000	10343730,000000	-90,125220
2907,580000	10228300,000000	-87,575520
2991,119000	10615390,000000	-87,456570
3077,059000	9964175,000000	-87,260550
3165,467000	9559557,000000	-89,414410
3256,416000	9084608,000000	-87,539790
3349,978000	9141457,000000	-88,870230
3446,228000	9129348,000000	-90,415490
3545,243000	8837363,000000	-87,555330
3647,103000	7614487,000000	-87,648170
3751,890000	8086780,000000	-88,423680
3859,687000	7732018,000000	-89,442050
3970,582000	7770028,000000	-88,365580
4084,663000	7452664,000000	-88,599100
4202,022000	7620219,000000	-89,496970
4322,752000	7198784,000000	-86,605890
4446,951000	6844638,000000	-85,141270
4574,719000	6675969,000000	-89,699730
4706,158000	6537914,000000	-88,967090
4841,373000	6240969,000000	-87,567820
4980,473000	6148412,000000	-89,986200
5123,569000	6492542,000000	-93,180370
5270,777000	5655054,000000	-90,361010
5422,215000	5650781,000000	-88,023700
5578,003000	5576853,000000	-89,011610
5738,268000	5519802,000000	-88,702770
5903,137000	5322971,000000	-88,270070
6072,743000	5097580,000000	-87,547850
6247,222000	5034887,000000	-88,031240
6426,714000	4727702,000000	-88,919270
6611,363000	4550733,000000	-83,883610
6801,318000	4650125,000000	-87,853090
6996,730000	4489365,000000	-88,309980
7197,757000	4422096,000000	-87,756490
7404,559000	4204043,000000	-88,284260
7617,304000	3992579,000000	-88,561820
7836,160000	3973887,000000	-88,843620
8061,305000	3882373,000000	-88,164300
8292,919000	3792756,000000	-87,953480
8531,187000	3636377,000000	-88,023310
8776,301000	3617459,000000	-89,609360
9028,457000	3477071,000000	-87,389860
9287,859000	3374500,000000	-88,467250
9554,713000	3276059,000000	-88,245660
9829,234000	3217385,000000	-88,350970
10111,643000	3122143,000000	-88,604670
10402,166000	3096378,000000	-89,614640
10701,036000	2957331,000000	-88,649740
11008,493000	2889227,000000	-88,410310
11324,784000	2760612,000000	-88,566090
11650,162000	2708587,000000	-88,635970
11984,889000	2634586,000000	-88,439480
12329,233000	2564761,000000	-88,692680
12683,471000	2495315,000000	-88,174950
13047,886000	2411743,000000	-86,657830
13422,772000	2362404,000000	-88,307530
13808,428000	2303327,000000	-88,181470
14205,166000	2228012,000000	-87,251840
14613,302000	2154153,000000	-88,289860
15033,164000	2148862,000000	-86,960590
15465,090000	2053047,000000	-88,443650
15909,425000	1996246,000000	-88,490090
16366,527000	1947997,000000	-87,365490
16836,762000	1887888,000000	-88,600970
17320,508000	1828960,000000	-88,432120
17818,153000	1785193,000000	-88,454790
18330,095000	1759055,000000	-88,086640
18856,747000	1689709,000000	-88,698750
19398,530000	1643521,000000	-88,377580
19955,879000	1599560,000000	-88,224850
20529,242000	1562823,000000	-88,221080
21119,078000	1510201,000000	-88,319890
21725,861000	1474631,000000	-88,357780
22350,078000	1435162,000000	-88,115970
22992,230000	1386065,000000	-88,669730
23652,832000	1353233,000000	-88,189080
24332,414000	1319316,000000	-88,403170
25031,521000	1282665,000000	-88,257620
25750,714000	1241478,000000	-88,315280
26490,572000	1209914,000000	-88,309240
27251,686000	1182257,000000	-87,906300
28034,668000	1148032,000000	-88,534840
28840,147000	1112540,000000	-88,304880
29668,768000	1088171,000000	-88,440370
30521,197000	1056746,000000	-88,436070
31398,118000	1021350,000000	-89,133770
32300,233000	997871,500000	-88,359750
33228,268000	972530,600000	-87,953830
34182,967000	947346,300000	-88,350530
35165,095000	918113,400000	-88,459510
36175,442000	899639,300000	-88,479030
37214,817000	871703,300000	-88,386030
38284,056000	848819,700000	-88,686730
39384,015000	826113,600000	-88,489160
40515,578000	801071,200000	-88,587840
41679,652000	779818,900000	-88,546010
42877,171000	757845,400000	-88,637920
44109,098000	735110,400000	-88,265080
45376,419000	716493,200000	-88,572150
46680,153000	697169,200000	-88,558650
48021,344000	678859,300000	-88,460430
49401,071000	662274,100000	-88,633930
50820,439000	641823,700000	-88,635760
52280,587000	625714,800000	-88,533110
53782,688000	607193,600000	-88,608540
55327,946000	591615,900000	-88,669240
56917,602000	574241,300000	-88,741200
58552,932000	559190,700000	-88,703770
60235,246000	544339,400000	-88,754040
61965,896000	528591,600000	-88,429440
63746,271000	514017,800000	-88,873370
65577,798000	501556,200000	-88,768250
67461,948000	487513,100000	-88,770820
69400,232000	474451,100000	-88,671560
71394,207000	460835,200000	-88,586070
73445,471000	448104,300000	-88,870640
75555,671000	436870,100000	-88,745110
77726,500000	424348,500000	-88,909550
79959,701000	412929,500000	-88,822500
82257,064000	401691,200000	-88,900810
84620,435000	391624,500000	-88,949650
87051,709000	379923,300000	-89,006730
89552,837000	369613,000000	-88,982380
92125,826000	358813,100000	-89,077030
94772,741000	349752,800000	-89,085670
97495,706000	340243,400000	-89,165210
100296,906000	330306,100000	-89,210790
103178,588000	321960,800000	-89,168560
106143,066000	313140,400000	-89,333400
109192,718000	304878,700000	-89,233690
112329,990000	296829,400000	-89,252820
115557,402000	287502,700000	-89,284530
118877,542000	280331,700000	-89,393950
122293,074000	272830,700000	-89,442940
125806,740000	265579,300000	-89,599340
129421,359000	258504,200000	-89,414500
133139,832000	251708,900000	-89,551120
136965,141000	243853,800000	-89,549820
140900,358000	237692,800000	-89,566980
144948,640000	230455,900000	-89,670010
149113,234000	224537,800000	-89,734590
153397,484000	218578,200000	-89,840830
157804,827000	212364,000000	-89,860620
162338,800000	206646,100000	-90,000490
167003,041000	201285,400000	-90,086110
171801,292000	195656,900000	-90,067730
176737,404000	190366,000000	-90,119830
181815,338000	185149,400000	-90,276440
187039,170000	180294,500000	-90,256390
192413,089000	175194,300000	-90,345130
197941,410000	170249,000000	-90,381910
203628,568000	165591,200000	-90,590590
209479,126000	161218,400000	-90,620470
215497,780000	156569,600000	-90,735020
221689,359000	152590,400000	-90,780080
228058,831000	148325,400000	-90,825420
234611,308000	144421,100000	-90,970210
241352,048000	140425,700000	-91,018590
248286,459000	136538,800000	-91,078150
255420,106000	132940,700000	-91,223480
262758,714000	129420,200000	-91,338900
270308,172000	125850,400000	-91,405360
278074,537000	122155,000000	-91,413260
286064,041000	118607,900000	-91,759090
294283,096000	115605,900000	-91,677300
302738,296000	112601,300000	-91,861270
311436,428000	109343,900000	-91,973530
320384,470000	106670,500000	-91,947530
329589,603000	103394,700000	-92,164060
339059,214000	100705,500000	-92,275030
348800,900000	97867,100000	-92,522940
358822,480000	95408,460000	-92,453490
369131,996000	92535,450000	-92,720990
379737,719000	90049,330000	-92,841520
390648,161000	87707,710000	-92,964600
401872,077000	85134,260000	-93,067450
413418,473000	82762,550000	-93,265630
425296,614000	80737,340000	-93,505680
437516,033000	78251,560000	-93,591150
450086,533000	76245,130000	-93,706230
463018,204000	74216,430000	-93,862750
476321,421000	72138,840000	-94,096060
490006,860000	70269,930000	-94,235520
504085,502000	68129,320000	-94,482220
518568,645000	66257,140000	-94,739710
533467,910000	64518,010000	-94,913220
548795,254000	62701,610000	-95,083720
564562,977000	60970,240000	-95,202230
580783,729000	59315,200000	-95,454570
597470,529000	57697,320000	-95,705810
614636,766000	56120,210000	-95,912860
632296,215000	54529,360000	-96,148300
650463,046000	53063,780000	-96,348240
669151,838000	51545,790000	-96,626510
688377,588000	50102,040000	-96,832530
708155,723000	48695,340000	-97,084390
728502,114000	47402,980000	-97,456770
749433,087000	46054,210000	-97,636190
770965,439000	44774,400000	-97,919600
793116,448000	43516,360000	-98,259720
815903,890000	42293,510000	-98,616120
839346,049000	41125,290000	-98,799530
863461,737000	39922,630000	-99,103360
888270,306000	38837,440000	-99,426190
913791,663000	37745,460000	-99,680870
940046,286000	36731,720000	-100,095000
967055,246000	35645,090000	-100,354900
994840,213000	34642,930000	-100,690700
1023423,485000	33663,270000	-101,146800
1052827,998000	32690,730000	-101,514200
1083077,347000	31773,910000	-101,885900
1114195,806000	31108,090000	-100,655300
1146208,346000	30231,130000	-101,161300
1179140,654000	29338,010000	-101,440400
1213019,158000	28446,170000	-101,905200
1247871,043000	27729,870000	-102,033600
1283724,275000	27001,850000	-102,642900
1320607,626000	26203,910000	-103,184200
1358550,691000	25475,610000	-103,406700
1397583,918000	24660,660000	-103,998300
1437738,629000	24033,900000	-104,407700
1479047,046000	23305,760000	-104,866500
1521542,316000	22650,100000	-105,331000
1565258,540000	21945,560000	-105,924000
1610230,798000	21335,270000	-106,041800
1656495,177000	20704,190000	-106,837400
1704088,802000	20074,630000	-107,362700
1753049,865000	19492,820000	-107,718600
1803417,653000	18915,640000	-108,120100
1855232,584000	18403,800000	-108,708400
1908536,237000	17776,060000	-109,295100
1963371,385000	17242,570000	-109,889700
2019782,030000	16759,590000	-110,393100
2077813,439000	16245,720000	-110,949600
2137512,178000	15767,780000	-111,544500
2198926,153000	15344,240000	-112,380200
2262104,645000	14814,060000	-112,933600
2327098,351000	14353,510000	-113,351000
2393959,425000	13905,260000	-114,008100
2462741,519000	13490,610000	-114,764800
2533499,828000	13050,300000	-115,220900
2606291,130000	12673,860000	-115,915200
2681173,837000	12239,960000	-116,750900
2758208,038000	11856,360000	-117,225200
2837455,549000	11495,120000	-118,017500
2918979,961000	11114,620000	-118,635800
3002846,693000	10755,200000	-119,379700
3089123,045000	10412,350000	-120,176300
3177878,247000	10087,920000	-120,697600
3269183,521000	9773,767000	-121,564300
3363112,134000	9454,663000	-122,125100
3459739,459000	9121,506000	-122,841000
3559143,034000	8850,271000	-123,708700
3661402,625000	8547,718000	-124,470600
3766600,290000	8296,293000	-125,165100
3874820,443000	7984,036000	-125,927100
3986149,926000	7729,082000	-126,579000
4100678,074000	7483,772000	-127,489000
4218496,791000	7242,054000	-128,080700
4339700,617000	6994,913000	-128,870300
4464386,815000	6765,853000	-129,595500
4592655,436000	6536,909000	-130,314500
4724609,410000	6318,586000	-131,119500
4860354,622000	6116,732000	-131,848600
5000000,000000	5920,259000	-132,792200
