Time: 11:38; Datum: 22.07.2015
Sample Area [sqmm]: 0,000
Sample Thickness [mm]: 0,000
Voltage Level [V]: 0,010


F[Hz]		Z[Ohm]		Theta		Temperatur[°C]
60,000000	14919910,000000	82,947850
61,724000	6335869,000000	-91,254290
63,497000	1792984,000000	44,811950
65,322000	6401544,000000	113,771100
67,198000	8696185,000000	-56,620100
69,129000	2726028,000000	106,451700
71,115000	19557240,000000	28,852010
73,159000	5502478,000000	3,532731
75,261000	95218710,000000	153,749100
77,423000	15783030,000000	-9,877297
79,647000	10223560,000000	-60,527950
81,936000	28291410,000000	-96,713480
84,290000	41989390,000000	-137,968000
86,712000	110618900,000000	-13,419630
89,203000	64353060,000000	-76,309330
91,766000	225089800,000000	-169,063700
94,403000	75372220,000000	55,102150
97,115000	63395710,000000	-31,361260
99,905000	65573040,000000	49,014510
102,776000	114455900,000000	-23,517190
105,729000	47830180,000000	-48,766110
108,766000	230938700,000000	-14,122750
111,891000	180920300,000000	-115,113000
115,106000	97318940,000000	-11,934030
118,413000	32181040,000000	-79,496600
121,815000	21052690,000000	52,303430
125,315000	40608780,000000	24,488990
128,916000	6704992,000000	-112,862700
132,620000	6455056,000000	109,914300
136,430000	40988760,000000	8,140990
140,350000	6758057,000000	143,125500
144,383000	6660742,000000	157,381000
148,531000	26813790,000000	-103,386700
152,798000	110847900,000000	-94,755180
157,189000	6475938,000000	95,544560
161,705000	6522219,000000	-142,585400
166,351000	8055788,000000	77,527160
171,130000	9936399,000000	78,542690
176,047000	19005950,000000	-148,651600
181,105000	65425970,000000	145,347500
186,309000	38985210,000000	-137,667400
191,662000	38417360,000000	-31,475160
197,168000	33488940,000000	-22,683440
202,833000	42772970,000000	-121,278500
208,661000	29018690,000000	-93,655760
214,656000	98928890,000000	-177,072800
220,824000	27677350,000000	-83,214430
227,168000	30927690,000000	140,069200
233,695000	13837060,000000	-76,643480
240,409000	16141540,000000	-9,836836
247,317000	35453680,000000	-58,915790
254,423000	25696710,000000	-168,358400
261,733000	18205000,000000	71,114940
269,252000	16904790,000000	-45,927730
276,989000	54570170,000000	-156,588000
284,947000	38920510,000000	-73,069760
293,134000	36072500,000000	-70,351550
301,556000	31201480,000000	-77,765460
310,220000	67066080,000000	-18,808470
319,133000	36808240,000000	-22,762800
328,302000	22790240,000000	-36,121330
337,735000	31618030,000000	-39,881070
347,439000	97566020,000000	-131,416100
357,421000	25987460,000000	-119,713200
367,690000	41469730,000000	19,676070
378,255000	102454200,000000	-57,333440
389,123000	40062270,000000	-101,777500
400,303000	387119500,000000	-39,333600
411,804000	104402100,000000	-68,609390
423,636000	43447660,000000	-69,124220
435,807000	85894980,000000	122,006100
448,329000	33628590,000000	-129,743600
461,210000	35580270,000000	-106,804500
474,461000	66814510,000000	-101,152400
488,093000	34600740,000000	-92,094570
502,117000	33330210,000000	-127,250800
516,543000	76964540,000000	-94,468400
531,384000	55658730,000000	-82,024560
546,652000	40643540,000000	-76,294910
562,358000	55775380,000000	-108,286000
578,516000	42252770,000000	-88,024540
595,137000	32241910,000000	-58,062170
612,236000	41852080,000000	-72,811270
629,827000	84620770,000000	-122,996900
647,923000	131680500,000000	22,924870
666,538000	33307450,000000	-67,862680
685,689000	31118320,000000	-70,214170
705,390000	45855840,000000	-55,624980
725,657000	52462320,000000	-79,564840
746,506000	22803830,000000	-54,865480
767,954000	41485580,000000	-90,778040
790,019000	36249350,000000	-90,716700
812,717000	27125150,000000	-56,110660
836,068000	27650990,000000	-94,085380
860,090000	86569210,000000	-78,020480
884,801000	28383610,000000	-74,778590
910,223000	26665850,000000	-74,195300
936,375000	32456940,000000	-75,253420
963,278000	38699390,000000	-79,884610
990,955000	23466610,000000	-76,863830
1019,427000	32689900,000000	-76,799870
1048,716000	22051210,000000	-83,222010
1078,847000	27205510,000000	-82,701710
1109,844000	27816340,000000	-77,771560
1141,732000	42667420,000000	-64,119140
1174,536000	25716120,000000	-76,436140
1208,282000	26594360,000000	-77,728890
1242,998000	21132740,000000	-86,246790
1278,711000	22459560,000000	-83,238130
1315,450000	25987610,000000	-84,704440
1353,245000	21208280,000000	-72,632640
1392,126000	22336590,000000	-84,142340
1432,124000	22131130,000000	-83,779590
1473,271000	24871450,000000	-75,972110
1515,600000	20617220,000000	-82,735580
1559,145000	19084260,000000	-83,236920
1603,942000	18323220,000000	-81,051250
1650,026000	21906000,000000	-78,756710
1697,434000	18712610,000000	-83,513030
1746,203000	18840250,000000	-81,974860
1796,374000	16649310,000000	-81,248600
1847,987000	15697080,000000	-84,128330
1901,083000	16443590,000000	-80,347860
1955,704000	16048820,000000	-83,101360
2011,894000	15329200,000000	-79,888810
2069,699000	14628280,000000	-81,459000
2129,164000	13304780,000000	-85,739170
2190,338000	14193540,000000	-82,173970
2253,270000	14027280,000000	-84,830220
2318,010000	16133580,000000	-83,455860
2384,610000	13757470,000000	-82,426450
2453,123000	13124460,000000	-81,366320
2523,605000	12130310,000000	-81,895910
2596,112000	11872810,000000	-84,519870
2670,703000	11440910,000000	-84,327910
2747,436000	10344440,000000	-83,016860
2826,374000	11950160,000000	-78,002940
2907,580000	11057650,000000	-83,846080
2991,119000	10395320,000000	-79,628900
3077,059000	10222960,000000	-83,192390
3165,467000	10164500,000000	-84,141410
3256,416000	10016760,000000	-83,854940
3349,978000	9497221,000000	-84,516420
3446,228000	9130573,000000	-86,023300
3545,243000	8871897,000000	-82,986590
3647,103000	8653127,000000	-84,148260
3751,890000	9037737,000000	-85,480780
3859,687000	8381840,000000	-83,244260
3970,582000	8195626,000000	-85,939610
4084,663000	7851222,000000	-85,381830
4202,022000	7804727,000000	-85,474660
4322,752000	7416772,000000	-86,004040
4446,951000	7145116,000000	-85,596210
4574,719000	6927382,000000	-84,962300
4706,158000	6763477,000000	-84,347980
4841,373000	6722974,000000	-84,382130
4980,473000	6272100,000000	-85,931310
5123,569000	6200077,000000	-89,454700
5270,777000	6106229,000000	-83,877820
5422,215000	6021589,000000	-85,813460
5578,003000	5941754,000000	-84,527570
5738,268000	5748147,000000	-83,982960
5903,137000	5624392,000000	-84,330640
6072,743000	5449737,000000	-85,632730
6247,222000	5319160,000000	-85,958210
6426,714000	5099029,000000	-85,190450
6611,363000	5249571,000000	-87,865730
6801,318000	4857188,000000	-85,278300
6996,730000	4682731,000000	-85,630210
7197,757000	4676463,000000	-86,993700
7404,559000	4511326,000000	-86,686780
7617,304000	4276628,000000	-86,597060
7836,160000	4224164,000000	-86,607190
8061,305000	4116043,000000	-86,061870
8292,919000	4013991,000000	-85,950990
8531,187000	3946814,000000	-86,457060
8776,301000	3917530,000000	-87,159180
9028,457000	3739856,000000	-86,639760
9287,859000	3603720,000000	-85,968400
9554,713000	3492682,000000	-86,591690
9829,234000	3465254,000000	-86,559430
10111,643000	3332282,000000	-86,539700
10402,166000	3275128,000000	-84,906560
10701,036000	3113936,000000	-85,931560
11008,493000	3083068,000000	-86,050430
11324,784000	2967867,000000	-87,099720
11650,162000	2901448,000000	-86,389660
11984,889000	2814508,000000	-85,972370
12329,233000	2752290,000000	-86,834060
12683,471000	2650279,000000	-86,248110
13047,886000	2502936,000000	-87,342250
13422,772000	2515761,000000	-86,771200
13808,428000	2450755,000000	-86,903040
14205,166000	2350800,000000	-87,640560
14613,302000	2337055,000000	-86,763850
15033,164000	2253937,000000	-85,179980
15465,090000	2220310,000000	-87,304640
15909,425000	2158247,000000	-87,019840
16366,527000	2078312,000000	-85,744420
16836,762000	2030343,000000	-86,889350
17320,508000	1983163,000000	-86,800310
17818,153000	1936657,000000	-87,307720
18330,095000	1880619,000000	-86,438920
18856,747000	1817281,000000	-86,706380
19398,530000	1767914,000000	-87,337940
19955,879000	1724923,000000	-86,815540
20529,242000	1670894,000000	-87,231270
21119,078000	1634796,000000	-87,205400
21725,861000	1596564,000000	-87,451950
22350,078000	1540268,000000	-87,156580
22992,230000	1517443,000000	-86,979760
23652,832000	1472133,000000	-87,086300
24332,414000	1421987,000000	-87,093300
25031,521000	1350353,000000	-87,652550
25750,714000	1348115,000000	-87,633700
26490,572000	1313846,000000	-87,372920
27251,686000	1276804,000000	-87,085010
28034,668000	1236196,000000	-87,562070
28840,147000	1203754,000000	-87,487870
29668,768000	1171419,000000	-87,530670
30521,197000	1138376,000000	-87,530830
31398,118000	1121405,000000	-87,563050
32300,233000	1076597,000000	-87,534890
33228,268000	1043931,000000	-88,237430
34182,967000	1020393,000000	-87,574590
35165,095000	993652,300000	-87,592860
36175,442000	964720,200000	-87,424640
37214,817000	939329,700000	-87,703360
38284,056000	913560,700000	-87,707380
39384,015000	888779,900000	-87,889720
40515,578000	860903,600000	-87,867040
41679,652000	838314,700000	-87,826760
42877,171000	815793,500000	-87,784550
44109,098000	798437,100000	-87,614540
45376,419000	775361,300000	-87,780690
46680,153000	751079,200000	-87,846390
48021,344000	732456,900000	-87,869220
49401,071000	714037,800000	-87,799220
50820,439000	692167,200000	-87,896780
52280,587000	672603,100000	-87,954380
53782,688000	655282,400000	-88,019440
55327,946000	637384,200000	-88,050550
56917,602000	619241,100000	-87,877130
58552,932000	603091,700000	-88,124330
60235,246000	587350,700000	-87,981630
61965,896000	568343,200000	-88,264340
63746,271000	553217,600000	-88,072460
65577,798000	539859,300000	-88,034280
67461,948000	525186,200000	-88,098350
69400,232000	508618,000000	-88,349910
71394,207000	499363,200000	-88,108940
73445,471000	482875,300000	-88,161410
75555,671000	470007,300000	-88,094150
77726,500000	456103,800000	-88,220260
79959,701000	444818,800000	-88,302270
82257,064000	432222,900000	-88,207930
84620,435000	418978,000000	-88,076230
87051,709000	409132,500000	-88,229550
89552,837000	397860,100000	-88,194350
92125,826000	386628,700000	-88,372340
94772,741000	376355,200000	-88,226620
97495,706000	368009,200000	-88,392910
100296,906000	357008,800000	-88,426220
103178,588000	346717,100000	-88,314510
106143,066000	337132,100000	-88,519540
109192,718000	328024,500000	-88,288550
112329,990000	319082,100000	-88,429430
115557,402000	309569,700000	-88,446650
118877,542000	301467,300000	-88,406480
122293,074000	292813,900000	-88,530780
125806,740000	285236,100000	-88,528220
129421,359000	277018,400000	-88,384830
133139,832000	269343,900000	-88,581860
136965,141000	262144,300000	-88,627110
140900,358000	255195,200000	-88,502400
144948,640000	247725,300000	-88,531900
149113,234000	241025,200000	-88,606900
153397,484000	234704,600000	-88,607650
157804,827000	228277,800000	-88,575900
162338,800000	222427,800000	-88,600750
167003,041000	215924,400000	-88,620770
171801,292000	209770,200000	-88,700310
176737,404000	204281,400000	-88,745130
181815,338000	198598,200000	-88,669330
187039,170000	193556,500000	-88,568730
192413,089000	188023,500000	-88,766010
197941,410000	182758,800000	-88,836940
203628,568000	177720,600000	-88,797840
209479,126000	172821,000000	-88,870800
215497,780000	168343,700000	-88,912800
221689,359000	163545,300000	-88,934010
228058,831000	159228,500000	-88,990210
234611,308000	154809,100000	-88,907620
241352,048000	150613,100000	-88,985080
248286,459000	146521,100000	-89,027590
255420,106000	142570,100000	-89,076710
262758,714000	138683,700000	-89,091000
270308,172000	134792,900000	-89,027660
278074,537000	131209,700000	-89,146970
286064,041000	127262,200000	-89,166570
294283,096000	123967,500000	-89,172800
302738,296000	120177,000000	-89,142290
311436,428000	117180,100000	-89,332940
320384,470000	113953,800000	-89,093500
329589,603000	111125,200000	-89,257340
339059,214000	107877,800000	-89,425330
348800,900000	105050,300000	-89,358830
358822,480000	102100,700000	-89,425290
369131,996000	99327,710000	-89,450560
379737,719000	96576,030000	-89,493240
390648,161000	93944,710000	-89,520750
401872,077000	91560,240000	-89,624870
413418,473000	88992,950000	-89,610040
425296,614000	86731,480000	-89,629050
437516,033000	84184,800000	-89,665600
450086,533000	81950,550000	-89,885620
463018,204000	79637,400000	-89,735350
476321,421000	77450,150000	-89,844280
490006,860000	75367,820000	-89,827960
504085,502000	73295,840000	-89,953000
518568,645000	71348,330000	-90,010890
533467,910000	69402,780000	-90,068560
548795,254000	67481,570000	-90,120320
564562,977000	65630,550000	-90,176640
580783,729000	63911,360000	-90,223200
597470,529000	62101,970000	-90,385260
614636,766000	60446,430000	-90,392400
632296,215000	58754,530000	-90,501910
650463,046000	57127,120000	-90,535780
669151,838000	55569,010000	-90,618160
688377,588000	54159,130000	-90,726170
708155,723000	52658,540000	-90,798100
728502,114000	51198,100000	-90,826750
749433,087000	49768,630000	-90,862030
770965,439000	48426,030000	-91,012290
793116,448000	47129,880000	-91,105280
815903,890000	45867,810000	-91,267220
839346,049000	44634,910000	-91,302090
863461,737000	43424,340000	-91,405300
888270,306000	42218,720000	-91,478420
913791,663000	41137,400000	-91,598690
940046,286000	39982,450000	-91,712060
967055,246000	38920,100000	-91,834320
994840,213000	37851,640000	-91,879390
1023423,485000	36816,690000	-92,041760
1052827,998000	35868,090000	-92,175460
1083077,347000	34838,390000	-92,271390
1114195,806000	34136,600000	-92,015010
1146208,346000	32901,540000	-92,022360
1179140,654000	32210,400000	-91,980920
1213019,158000	31250,650000	-92,290280
1247871,043000	30461,200000	-92,583980
1283724,275000	29647,410000	-92,499090
1320607,626000	28808,410000	-92,642850
1358550,691000	28032,920000	-92,926570
1397583,918000	27233,780000	-93,049540
1437738,629000	26525,830000	-93,195220
1479047,046000	25880,550000	-93,333020
1521542,316000	25109,260000	-93,379530
1565258,540000	24473,040000	-93,621010
1610230,798000	23839,730000	-93,858310
1656495,177000	23200,700000	-93,864420
1704088,802000	22580,590000	-93,970270
1753049,865000	21995,400000	-94,412180
1803417,653000	21392,420000	-94,537780
1855232,584000	20838,640000	-94,693990
1908536,237000	20303,900000	-94,938710
1963371,385000	19752,340000	-95,042660
2019782,030000	19207,650000	-95,189840
2077813,439000	18723,710000	-95,514740
2137512,178000	18222,780000	-95,745550
2198926,153000	17745,050000	-95,850620
2262104,645000	17290,540000	-96,071900
2327098,351000	16797,220000	-96,300420
2393959,425000	16364,670000	-96,569800
2462741,519000	15969,730000	-96,829090
2533499,828000	15536,670000	-97,105560
2606291,130000	15124,730000	-97,392750
2681173,837000	14738,820000	-97,685590
2758208,038000	14353,340000	-97,964520
2837455,549000	13987,780000	-98,265680
2918979,961000	13635,880000	-98,496780
3002846,693000	13278,740000	-98,834350
3089123,045000	12936,440000	-99,168910
3177878,247000	12621,160000	-99,414670
3269183,521000	12291,370000	-99,766090
3363112,134000	11985,130000	-100,069100
3459739,459000	11679,790000	-100,401900
3559143,034000	11384,340000	-100,758100
3661402,625000	11096,850000	-101,158300
3766600,290000	10834,830000	-101,620300
3874820,443000	10560,890000	-101,941600
3986149,926000	10298,330000	-102,223100
4100678,074000	10066,020000	-102,572800
4218496,791000	9825,910000	-103,050100
4339700,617000	9577,429000	-103,461700
4464386,815000	9347,452000	-103,893900
4592655,436000	9130,425000	-104,253100
4724609,410000	8928,494000	-104,710400
4860354,622000	8715,881000	-105,090100
5000000,000000	8513,968000	-105,546300
