Time: 11:46; Datum: 22.07.2015
Sample Area [sqmm]: 0,000
Sample Thickness [mm]: 0,000
Voltage Level [V]: 0,010


F[Hz]		Z[Ohm]		Theta		Temperatur[°C]
60,000000	57585060,000000	-37,724500
61,724000	35992380,000000	-48,563560
63,497000	11369080,000000	63,925320
65,322000	44498140,000000	168,862000
67,198000	78567620,000000	-52,462050
69,129000	20996340,000000	107,856700
71,115000	87976280,000000	-38,774880
73,159000	90218660,000000	-13,155510
75,261000	299582500,000000	-110,238300
77,423000	98086820,000000	-27,216410
79,647000	51478280,000000	-96,867130
81,936000	121209900,000000	-74,514600
84,290000	135183200,000000	-143,738300
86,712000	59973230,000000	-30,130450
89,203000	235401900,000000	-151,382300
91,766000	260521800,000000	9,910521
94,403000	43026180,000000	-81,399270
97,115000	99495810,000000	-87,672560
99,905000	31562370,000000	-77,840330
102,776000	950510600,000000	175,773300
105,729000	74544680,000000	125,462700
108,766000	469946700,000000	63,571130
111,891000	55635490,000000	-94,451490
115,106000	210921800,000000	86,302310
118,413000	98857190,000000	-44,474120
121,815000	138980900,000000	-125,399000
125,315000	75492060,000000	-123,704400
128,916000	31413460,000000	-24,963060
132,620000	38680630,000000	-118,952500
136,430000	297032100,000000	-114,610200
140,350000	23456800,000000	-131,959900
144,383000	24487410,000000	-125,751200
148,531000	25705470,000000	-63,114100
152,798000	106716600,000000	-36,448710
157,189000	44366680,000000	41,686500
161,705000	66719110,000000	172,327000
166,351000	28462870,000000	31,340890
171,130000	94229070,000000	19,394700
176,047000	298077700,000000	90,889530
181,105000	61060320,000000	-100,992300
186,309000	72911740,000000	-179,036800
191,662000	31775630,000000	-69,447430
197,168000	33256670,000000	-85,220250
202,833000	50563190,000000	132,951500
208,661000	83780360,000000	-156,818600
214,656000	228352900,000000	-76,299640
220,824000	150771900,000000	-58,499440
227,168000	91892260,000000	-76,487230
233,695000	163892500,000000	-71,316010
240,409000	495226000,000000	-16,114490
247,317000	65360560,000000	-17,960220
254,423000	44729020,000000	-39,881340
261,733000	47789180,000000	-108,172700
269,252000	119941700,000000	-107,748400
276,989000	39599840,000000	-57,013690
284,947000	43079710,000000	-79,754960
293,134000	34978400,000000	-72,593720
301,556000	33584060,000000	-64,093330
310,220000	51107420,000000	-33,097430
319,133000	56911700,000000	-39,070030
328,302000	68387560,000000	22,209040
337,735000	92748290,000000	-58,570330
347,439000	35770020,000000	-70,611500
357,421000	68117060,000000	-11,325230
367,690000	49385350,000000	-72,289090
378,255000	46393180,000000	-86,025630
389,123000	33351870,000000	-82,648770
400,303000	36955150,000000	-129,894800
411,804000	45225860,000000	-104,285800
423,636000	48093220,000000	-74,367950
435,807000	54592600,000000	-25,162070
448,329000	101972700,000000	94,643070
461,210000	76600280,000000	2,256253
474,461000	29495980,000000	-70,892780
488,093000	24887090,000000	-68,053080
502,117000	25213440,000000	-94,139930
516,543000	50406780,000000	-95,828380
531,384000	48010060,000000	-68,731710
546,652000	63972650,000000	-97,843770
562,358000	49887540,000000	-80,491920
578,516000	36484980,000000	-77,860790
595,137000	55429160,000000	-94,165440
612,236000	41183400,000000	-79,556650
629,827000	28384370,000000	-100,816100
647,923000	77605720,000000	-158,037600
666,538000	33218230,000000	-67,496210
685,689000	31604630,000000	-88,995480
705,390000	22149140,000000	-74,620670
725,657000	23004680,000000	-82,706890
746,506000	1157276000,000000	170,291500
767,954000	22092410,000000	-76,252380
790,019000	25368780,000000	-92,735110
812,717000	51475140,000000	-70,561160
836,068000	37284940,000000	-49,344400
860,090000	23210670,000000	-62,509870
884,801000	24305610,000000	-87,678950
910,223000	28127170,000000	-70,646850
936,375000	20768310,000000	-77,639940
963,278000	26722040,000000	-74,679470
990,955000	21824970,000000	-82,015500
1019,427000	22339530,000000	-77,871500
1048,716000	18789320,000000	-75,487490
1078,847000	22615560,000000	-85,081470
1109,844000	22752410,000000	-83,459010
1141,732000	17909260,000000	-101,284000
1174,536000	20950260,000000	-87,579610
1208,282000	20541600,000000	-80,435210
1242,998000	22779400,000000	-76,826570
1278,711000	17662310,000000	-82,798230
1315,450000	15469350,000000	-92,359630
1353,245000	18665050,000000	-89,692810
1392,126000	17051920,000000	-82,504910
1432,124000	16016860,000000	-81,620140
1473,271000	16005670,000000	-86,200810
1515,600000	15947510,000000	-82,457790
1559,145000	15875030,000000	-84,897430
1603,942000	14521850,000000	-82,121330
1650,026000	15446280,000000	-96,443080
1697,434000	14167290,000000	-80,773780
1746,203000	14430320,000000	-81,976770
1796,374000	12709530,000000	-81,566730
1847,987000	12909320,000000	-85,921520
1901,083000	12459850,000000	-84,264660
1955,704000	12599830,000000	-82,177440
2011,894000	11915710,000000	-87,669650
2069,699000	11101800,000000	-84,744090
2129,164000	11428740,000000	-83,947630
2190,338000	11675340,000000	-85,979240
2253,270000	10659180,000000	-83,904300
2318,010000	10901680,000000	-92,407080
2384,610000	10222530,000000	-86,147370
2453,123000	9570088,000000	-84,707630
2523,605000	9916842,000000	-85,897390
2596,112000	9648896,000000	-84,980640
2670,703000	8975393,000000	-83,990330
2747,436000	8417227,000000	-88,269070
2826,374000	9049803,000000	-81,052740
2907,580000	8397072,000000	-86,674940
2991,119000	8215021,000000	-84,695240
3077,059000	8089549,000000	-86,390160
3165,467000	7694121,000000	-88,031960
3256,416000	7773752,000000	-85,374210
3349,978000	7431885,000000	-85,140070
3446,228000	7241511,000000	-83,064830
3545,243000	6726705,000000	-85,240570
3647,103000	7506093,000000	-80,716420
3751,890000	6655039,000000	-85,935350
3859,687000	6673927,000000	-85,529400
3970,582000	6238670,000000	-85,585330
4084,663000	6232621,000000	-86,693100
4202,022000	5866732,000000	-85,482800
4322,752000	5887305,000000	-86,991870
4446,951000	5572329,000000	-87,244340
4574,719000	5441936,000000	-86,445410
4706,158000	5257185,000000	-84,915820
4841,373000	5137449,000000	-86,718600
4980,473000	5060307,000000	-86,498250
5123,569000	4737048,000000	-84,122440
5270,777000	4714133,000000	-84,946210
5422,215000	4652702,000000	-86,458140
5578,003000	4566268,000000	-86,521590
5738,268000	4450327,000000	-86,720100
5903,137000	4284852,000000	-86,959140
6072,743000	4220731,000000	-86,561840
6247,222000	4084666,000000	-86,355650
6426,714000	3978197,000000	-84,829190
6611,363000	4034128,000000	-89,132270
6801,318000	3727097,000000	-86,910100
6996,730000	3638483,000000	-86,843590
7197,757000	3565006,000000	-86,845530
7404,559000	3448529,000000	-86,216790
7617,304000	3304810,000000	-85,518640
7836,160000	3278982,000000	-86,670820
8061,305000	3161669,000000	-86,986630
8292,919000	3053691,000000	-86,593960
8531,187000	3003723,000000	-86,783220
8776,301000	2932723,000000	-87,368980
9028,457000	2893908,000000	-86,286140
9287,859000	2757837,000000	-86,644820
9554,713000	2694505,000000	-87,423420
9829,234000	2630282,000000	-87,396060
10111,643000	2552556,000000	-86,608160
10402,166000	2524133,000000	-87,347530
10701,036000	2416577,000000	-86,641210
11008,493000	2362795,000000	-87,243900
11324,784000	2295735,000000	-86,827880
11650,162000	2226300,000000	-87,119910
11984,889000	2147778,000000	-87,070680
12329,233000	2106220,000000	-87,054860
12683,471000	2050096,000000	-87,108320
13047,886000	2038285,000000	-87,604300
13422,772000	1943363,000000	-87,224190
13808,428000	1881047,000000	-87,624340
14205,166000	1852365,000000	-88,845740
14613,302000	1783944,000000	-87,416160
15033,164000	1764107,000000	-88,448550
15465,090000	1697459,000000	-87,407940
15909,425000	1645872,000000	-87,254170
16366,527000	1595776,000000	-88,115200
16836,762000	1554486,000000	-87,378300
17320,508000	1505249,000000	-87,409880
17818,153000	1462796,000000	-87,616560
18330,095000	1423901,000000	-87,903950
18856,747000	1389258,000000	-87,596410
19398,530000	1357297,000000	-87,743100
19955,879000	1322116,000000	-87,713380
20529,242000	1285093,000000	-87,352140
21119,078000	1252913,000000	-87,553870
21725,861000	1209462,000000	-87,642360
22350,078000	1180811,000000	-87,680280
22992,230000	1149709,000000	-87,692310
23652,832000	1117852,000000	-87,715520
24332,414000	1090688,000000	-87,878270
25031,521000	1053227,000000	-87,481220
25750,714000	1030091,000000	-87,848980
26490,572000	999330,100000	-87,852760
27251,686000	969319,300000	-87,973530
28034,668000	946678,300000	-87,892980
28840,147000	919464,900000	-87,870490
29668,768000	893423,400000	-87,816090
30521,197000	867371,900000	-87,746950
31398,118000	856514,400000	-87,694070
32300,233000	822027,900000	-87,918540
33228,268000	802648,700000	-88,281570
34182,967000	778158,200000	-87,971340
35165,095000	756175,400000	-87,997730
36175,442000	738724,500000	-88,160290
37214,817000	716383,700000	-87,868900
38284,056000	696684,400000	-87,911520
39384,015000	678520,800000	-88,090450
40515,578000	661700,300000	-88,054450
41679,652000	642433,600000	-88,031500
42877,171000	624168,000000	-88,125860
44109,098000	606252,800000	-88,360080
45376,419000	589501,700000	-88,046440
46680,153000	573512,100000	-88,010970
48021,344000	556962,200000	-88,073240
49401,071000	543624,300000	-88,322590
50820,439000	527917,800000	-88,199810
52280,587000	513269,900000	-88,178570
53782,688000	500699,100000	-88,276790
55327,946000	485506,300000	-88,151100
56917,602000	472747,900000	-88,222690
58552,932000	459205,600000	-88,147920
60235,246000	446604,100000	-88,178370
61965,896000	434308,300000	-88,158620
63746,271000	422545,700000	-88,195800
65577,798000	411123,900000	-88,308140
67461,948000	400153,800000	-88,178890
69400,232000	389794,200000	-88,296130
71394,207000	377728,000000	-88,161390
73445,471000	367974,700000	-88,320120
75555,671000	358001,200000	-88,290190
77726,500000	348194,600000	-88,416690
79959,701000	338520,300000	-88,276350
82257,064000	329318,000000	-88,399620
84620,435000	322165,900000	-88,432820
87051,709000	311216,600000	-88,426320
89552,837000	302757,000000	-88,411530
92125,826000	294780,000000	-88,360570
94772,741000	286419,900000	-88,415570
97495,706000	279121,000000	-88,762120
100296,906000	270877,600000	-88,441440
103178,588000	263277,500000	-88,383420
106143,066000	256806,400000	-88,520480
109192,718000	249471,000000	-88,314250
112329,990000	242993,900000	-88,434830
115557,402000	235585,100000	-88,560670
118877,542000	229582,600000	-88,544780
122293,074000	223914,600000	-88,417700
125806,740000	217140,500000	-88,586150
129421,359000	210962,000000	-88,607170
133139,832000	205839,600000	-88,453160
136965,141000	200154,400000	-88,573520
140900,358000	194394,600000	-88,683000
144948,640000	189004,300000	-88,563060
149113,234000	183851,600000	-88,686130
153397,484000	178857,000000	-88,670740
157804,827000	173742,800000	-88,770450
162338,800000	169448,100000	-88,663410
167003,041000	164670,600000	-88,666810
171801,292000	160012,000000	-88,752960
176737,404000	155513,800000	-88,768800
181815,338000	151577,700000	-88,767000
187039,170000	147418,800000	-88,889420
192413,089000	143208,000000	-88,811290
197941,410000	139223,100000	-88,885180
203628,568000	135619,200000	-89,011960
209479,126000	131878,000000	-88,922420
215497,780000	128182,500000	-88,903580
221689,359000	124696,200000	-88,949610
228058,831000	121347,400000	-89,050860
234611,308000	118019,100000	-89,083470
241352,048000	114923,600000	-89,040430
248286,459000	111668,900000	-89,125500
255420,106000	108643,000000	-89,169120
262758,714000	105860,500000	-89,160920
270308,172000	102904,500000	-89,216930
278074,537000	100141,900000	-89,185620
286064,041000	97365,140000	-89,309240
294283,096000	94443,990000	-89,205180
302738,296000	92049,380000	-89,280230
311436,428000	89515,330000	-89,317910
320384,470000	87160,120000	-89,364360
329589,603000	84771,840000	-89,609930
339059,214000	82402,270000	-89,548200
348800,900000	80171,100000	-89,541280
358822,480000	77970,090000	-89,635350
369131,996000	75793,730000	-89,715350
379737,719000	73866,850000	-89,595610
390648,161000	71837,470000	-89,741390
401872,077000	69807,090000	-89,785510
413418,473000	68016,330000	-89,942900
425296,614000	66090,980000	-89,909220
437516,033000	64323,200000	-90,089070
450086,533000	62558,920000	-90,074680
463018,204000	60923,520000	-90,152580
476321,421000	59227,950000	-90,195820
490006,860000	57511,460000	-90,213990
504085,502000	56033,820000	-90,409000
518568,645000	54530,560000	-90,483570
533467,910000	53114,960000	-90,518550
548795,254000	51594,310000	-90,595650
564562,977000	50207,100000	-90,584000
580783,729000	48814,050000	-90,675880
597470,529000	47500,500000	-90,799050
614636,766000	46306,790000	-90,907100
632296,215000	45009,810000	-90,985820
650463,046000	43854,690000	-91,113000
669151,838000	42577,460000	-91,182940
688377,588000	41426,770000	-91,329360
708155,723000	40327,430000	-91,378310
728502,114000	39247,820000	-91,511800
749433,087000	38153,800000	-91,624470
770965,439000	37143,000000	-91,704490
793116,448000	36143,470000	-91,844640
815903,890000	35157,790000	-91,923740
839346,049000	34193,010000	-92,041420
863461,737000	33267,180000	-92,203910
888270,306000	32371,210000	-92,383820
913791,663000	31500,260000	-92,496830
940046,286000	30684,300000	-92,673090
967055,246000	29825,860000	-92,793180
994840,213000	29033,210000	-92,936730
1023423,485000	28243,210000	-93,056920
1052827,998000	27475,050000	-93,275380
1083077,347000	26731,780000	-93,405110
1114195,806000	26073,530000	-92,726600
1146208,346000	25413,630000	-93,128740
1179140,654000	24656,750000	-93,493910
1213019,158000	24075,810000	-93,435980
1247871,043000	23321,060000	-93,705330
1283724,275000	22723,770000	-93,878360
1320607,626000	22131,180000	-93,742730
1358550,691000	21537,560000	-94,163000
1397583,918000	20930,850000	-94,306240
1437738,629000	20382,100000	-94,482860
1479047,046000	19820,880000	-94,726360
1521542,316000	19339,970000	-94,908800
1565258,540000	18797,460000	-95,061420
1610230,798000	18354,970000	-95,379310
1656495,177000	17820,240000	-95,652660
1704088,802000	17365,730000	-95,839430
1753049,865000	16934,840000	-96,027380
1803417,653000	16459,230000	-96,340030
1855232,584000	16029,090000	-96,554820
1908536,237000	15605,820000	-96,873790
1963371,385000	15162,560000	-97,104820
2019782,030000	14781,310000	-97,345670
2077813,439000	14385,430000	-97,612460
2137512,178000	14013,480000	-97,967870
2198926,153000	13637,700000	-98,350470
2262104,645000	13275,770000	-98,543210
2327098,351000	12932,910000	-98,829990
2393959,425000	12588,250000	-99,207740
2462741,519000	12254,480000	-99,563800
2533499,828000	11933,230000	-99,868380
2606291,130000	11624,410000	-100,222300
2681173,837000	11329,050000	-100,648200
2758208,038000	11034,000000	-100,995800
2837455,549000	10742,250000	-101,402500
2918979,961000	10472,410000	-101,734400
3002846,693000	10204,450000	-102,193400
3089123,045000	9937,937000	-102,605700
3177878,247000	9694,992000	-103,019900
3269183,521000	9446,354000	-103,517300
3363112,134000	9203,027000	-103,908300
3459739,459000	8965,387000	-104,356400
3559143,034000	8742,121000	-104,853900
3661402,625000	8525,505000	-105,349100
3766600,290000	8315,137000	-105,801800
3874820,443000	8108,152000	-106,317500
3986149,926000	7903,153000	-106,846800
4100678,074000	7711,592000	-107,334200
4218496,791000	7526,711000	-107,873600
4339700,617000	7340,435000	-108,474000
4464386,815000	7160,044000	-109,086000
4592655,436000	6998,036000	-109,581300
4724609,410000	6829,035000	-110,186500
4860354,622000	6668,697000	-110,770300
5000000,000000	6513,933000	-111,383700
