Bruker Nano GmbH Berlin, Germany
Esprit 1.9

Datum: 11.09.2015 18:17:51
Real-Zeit: 223724
Life-Zeit: 203757
Impulsdichte: 18756

Primärenergie: 10
Abnahmewinkel: 35
Kippungwinkel: 0
Azimutwinkel: 45

Detektor-Typ: XFlash 6|30
Fenster-Typ: slew AP3.3
Detektordicke: 0.45
Si-Totschicht:0.029

Kalibrierung, lin.: 2.501
Kalibrierung, abs.: -238.74
Mn-FWHM: 123.28
Fano-Faktor: 0.106
Kanäle: 4096

Energie Impulse
-0.2387     0
-0.2362     0
-0.2337     0
-0.2312     0
-0.2287     0
-0.2262     0
-0.2237     0
-0.2212     0
-0.2187     0
-0.2162     0
-0.2137     0
-0.2112     0
-0.2087     0
-0.2062     0
-0.2037     0
-0.2012     0
-0.1987     0
-0.1962     0
-0.1937     0
-0.1912     0
-0.1887     0
-0.1862     0
-0.1837     0
-0.1812     0
-0.1787     0
-0.1762     0
-0.1737     0
-0.1712     0
-0.1687     0
-0.1662     0
-0.1637     0
-0.1612     0
-0.1587     0
-0.1562     0
-0.1537     0
-0.1512     0
-0.1487     0
-0.1462     0
-0.1437     0
-0.1412     0
-0.1387     0
-0.1362     0
-0.1337     0
-0.1312     0
-0.1287     0
-0.1262     0
-0.1237     0
-0.1212     0
-0.1187     0
-0.1162     0
-0.1137     0
-0.1112     0
-0.1087     0
-0.1062     0
-0.1037     0
-0.1012     0
-0.0987     0
-0.0962     0
-0.0937     0
-0.0912     0
-0.0887     0
-0.0862     0
-0.0837     1
-0.0812     0
-0.0787     3
-0.0762     3
-0.0737     8
-0.0712    11
-0.0687    26
-0.0662    37
-0.0637    60
-0.0612    95
-0.0587   164
-0.0562   285
-0.0537   397
-0.0511   624
-0.0486   941
-0.0461  1424
-0.0436  2019
-0.0411  2761
-0.0386  3737
-0.0361  5102
-0.0336  7021
-0.0311  8915
-0.0286 11556
-0.0261 14271
-0.0236 17443
-0.0211 21092
-0.0186 24764
-0.0161 28122
-0.0136 31802
-0.0111 35089
-0.0086 37885
-0.0061 40336
-0.0036 41974
-0.0011 42776
 0.0014 42742
 0.0039 41952
 0.0064 40089
 0.0089 37862
 0.0114 34878
 0.0139 31439
 0.0164 27932
 0.0189 24103
 0.0214 20883
 0.0239 16978
 0.0264 14327
 0.0289 11432
 0.0314  8932
 0.0339  7069
 0.0364  5363
 0.0389  4016
 0.0414  2901
 0.0439  2110
 0.0464  1511
 0.0489  1051
 0.0514   707
 0.0539   528
 0.0564   373
 0.0589   196
 0.0614   172
 0.0639   111
 0.0664    74
 0.0689    51
 0.0714     0
 0.0739     0
 0.0764     0
 0.0789     0
 0.0814     0
 0.0839     0
 0.0864     0
 0.0889     0
 0.0914     0
 0.0939     0
 0.0964     0
 0.0989   304
 0.1014   335
 0.1039   281
 0.1064   234
 0.1089   214
 0.1114   202
 0.1139   192
 0.1164   189
 0.1189   178
 0.1214   190
 0.1239   195
 0.1264   195
 0.1289   193
 0.1314   188
 0.1339   172
 0.1364   153
 0.1389   143
 0.1414   144
 0.1439   136
 0.1464   118
 0.1489   132
 0.1514   125
 0.1539   148
 0.1565   146
  0.159   134
 0.1615   148
  0.164   177
 0.1665   198
  0.169   211
 0.1715   232
  0.174   253
 0.1765   286
  0.179   323
 0.1815   352
  0.184   424
 0.1865   448
  0.189   536
 0.1915   583
  0.194   643
 0.1965   766
  0.199   912
 0.2015  1107
  0.204  1298
 0.2065  1546
  0.209  1853
 0.2115  2244
  0.214  2754
 0.2165  3289
  0.219  4008
 0.2215  4961
  0.224  6057
 0.2265  7386
  0.229  9006
 0.2315 10873
  0.234 13207
 0.2365 15883
  0.239 18955
 0.2415 22453
  0.244 26383
 0.2465 30636
  0.249 35247
 0.2515 40152
  0.254 45421
 0.2565 50784
  0.259 56083
 0.2615 61203
  0.264 65984
 0.2665 69990
  0.269 73496
 0.2715 76218
  0.274 78217
 0.2765 79307
  0.279 79464
 0.2815 78388
  0.284 76528
 0.2865 73727
  0.289 70237
 0.2915 66027
  0.294 61079
 0.2965 55907
  0.299 50503
 0.3015 45107
  0.304 39820
 0.3065 34648
  0.309 29705
 0.3115 25055
  0.314 20806
 0.3165 17195
  0.319 14165
 0.3215 11374
  0.324  9014
 0.3265  7092
  0.329  5539
 0.3315  4318
  0.334  3449
 0.3365  2685
  0.339  2084
 0.3415  1696
  0.344  1430
 0.3465  1184
  0.349  1002
 0.3515   888
  0.354   827
 0.3565   778
  0.359   792
 0.3615   788
  0.364   843
 0.3666   871
 0.3691   913
 0.3716   916
 0.3741   982
 0.3766   994
 0.3791  1047
 0.3816  1100
 0.3841  1134
 0.3866  1176
 0.3891  1236
 0.3916  1238
 0.3941  1258
 0.3966  1243
 0.3991  1190
 0.4016  1238
 0.4041  1281
 0.4066  1318
 0.4091  1302
 0.4116  1303
 0.4141  1272
 0.4166  1278
 0.4191  1261
 0.4216  1286
 0.4241  1297
 0.4266  1365
 0.4291  1415
 0.4316  1455
 0.4341  1470
 0.4366  1564
 0.4391  1619
 0.4416  1668
 0.4441  1739
 0.4466  1831
 0.4491  1904
 0.4516  2008
 0.4541  2109
 0.4566  2265
 0.4591  2413
 0.4616  2578
 0.4641  2787
 0.4666  3035
 0.4691  3352
 0.4716  3755
 0.4741  4181
 0.4766  4726
 0.4791  5363
 0.4816  6024
 0.4841  6917
 0.4866  7828
 0.4891  8735
 0.4916  9751
 0.4941 10829
 0.4966 12149
 0.4991 13492
 0.5016 15023
 0.5041 16479
 0.5066 17867
 0.5091 19009
 0.5116 20330
 0.5141 21328
 0.5166 22103
 0.5191 22964
 0.5216 23387
 0.5241 23806
 0.5266 23740
 0.5291 23542
 0.5316 22829
 0.5341 22181
 0.5366 21449
 0.5391 20225
 0.5416 19227
 0.5441 17860
 0.5466 16793
 0.5491 15128
 0.5516 13660
 0.5541 12159
 0.5566 10610
 0.5591  9024
 0.5616  7990
 0.5641  6805
 0.5666  5881
 0.5691  4916
 0.5716  4226
 0.5742  3450
 0.5767  2875
 0.5792  2400
 0.5817  2127
 0.5842  1717
 0.5867  1473
 0.5892  1327
 0.5917  1142
 0.5942  1034
 0.5967   911
 0.5992   804
 0.6017   747
 0.6042   751
 0.6067   698
 0.6092   663
 0.6117   708
 0.6142   700
 0.6167   701
 0.6192   738
 0.6217   741
 0.6242   723
 0.6267   705
 0.6292   797
 0.6317   758
 0.6342   865
 0.6367   869
 0.6392   847
 0.6417   939
 0.6442   996
 0.6467  1014
 0.6492  1069
 0.6517  1148
 0.6542  1207
 0.6567  1227
 0.6592  1347
 0.6617  1365
 0.6642  1394
 0.6667  1425
 0.6692  1476
 0.6717  1561
 0.6742  1525
 0.6767  1600
 0.6792  1664
 0.6817  1656
 0.6842  1643
 0.6867  1590
 0.6892  1523
 0.6917  1539
 0.6942  1506
 0.6967  1447
 0.6992  1454
 0.7017  1361
 0.7042  1333
 0.7067  1326
 0.7092  1174
 0.7117  1189
 0.7142  1077
 0.7167  1027
 0.7192  1088
 0.7217  1017
 0.7242  1005
 0.7267  1009
 0.7292   935
 0.7317   917
 0.7342   934
 0.7367   870
 0.7392   968
 0.7417   887
 0.7442   855
 0.7467   840
 0.7492   885
 0.7517   904
 0.7542   932
 0.7567   896
 0.7592   939
 0.7617   875
 0.7642   853
 0.7667   913
 0.7692   953
 0.7717   984
 0.7742   927
 0.7767   919
 0.7792   968
 0.7818   987
 0.7843   894
 0.7868  1014
 0.7893   898
 0.7918   938
 0.7943   965
 0.7968   940
 0.7993   899
 0.8018   924
 0.8043   956
 0.8068   978
 0.8093   926
 0.8118   914
 0.8143   908
 0.8168   877
 0.8193   930
 0.8218   950
 0.8243   934
 0.8268   870
 0.8293   900
 0.8318   859
 0.8343   923
 0.8368   815
 0.8393   886
 0.8418   843
 0.8443   855
 0.8468   873
 0.8493   836
 0.8518   802
 0.8543   842
 0.8568   824
 0.8593   831
 0.8618   875
 0.8643   858
 0.8668   823
 0.8693   866
 0.8718   816
 0.8743   845
 0.8768   831
 0.8793   858
 0.8818   854
 0.8843   869
 0.8868   864
 0.8893   895
 0.8918   816
 0.8943   849
 0.8968   887
 0.8993   866
 0.9018   930
 0.9043   872
 0.9068   886
 0.9093   879
 0.9118   877
 0.9143   916
 0.9168   883
 0.9193   901
 0.9218   870
 0.9243   926
 0.9268   898
 0.9293   880
 0.9318   912
 0.9343   917
 0.9368   915
 0.9393   917
 0.9418   888
 0.9443   894
 0.9468   945
 0.9493   883
 0.9518   910
 0.9543   876
 0.9568   940
 0.9593   893
 0.9618   910
 0.9643   894
 0.9668   911
 0.9693   929
 0.9718   883
 0.9743   905
 0.9768   923
 0.9793   859
 0.9818   877
 0.9843   915
 0.9868   880
 0.9893   849
 0.9919   918
 0.9944   892
 0.9969   868
 0.9994   934
 1.0019   902
 1.0044   929
 1.0069   858
 1.0094   893
 1.0119   923
 1.0144   933
 1.0169   894
 1.0194   855
 1.0219   846
 1.0244   884
 1.0269   905
 1.0294   864
 1.0319   884
 1.0344   927
 1.0369   924
 1.0394   832
 1.0419   937
 1.0444   855
 1.0469   905
 1.0494   939
 1.0519   868
 1.0544   920
 1.0569   849
 1.0594   926
 1.0619   825
 1.0644   885
 1.0669   900
 1.0694   820
 1.0719   875
 1.0744   881
 1.0769   863
 1.0794   868
 1.0819   900
 1.0844   892
 1.0869   907
 1.0894   894
 1.0919   900
 1.0944   791
 1.0969   897
 1.0994   846
 1.1019   879
 1.1044   824
 1.1069   828
 1.1094   906
 1.1119   857
 1.1144   839
 1.1169   871
 1.1194   919
 1.1219   889
 1.1244   779
 1.1269   922
 1.1294   878
 1.1319   828
 1.1344   817
 1.1369   840
 1.1394   809
 1.1419   859
 1.1444   852
 1.1469   832
 1.1494   846
 1.1519   846
 1.1544   856
 1.1569   799
 1.1594   819
 1.1619   818
 1.1644   860
 1.1669   836
 1.1694   882
 1.1719   837
 1.1744   855
 1.1769   827
 1.1794   863
 1.1819   817
 1.1844   793
 1.1869   825
 1.1894   838
 1.1919   866
 1.1944   915
 1.1969   818
 1.1995   813
  1.202   851
 1.2045   839
  1.207   803
 1.2095   871
  1.212   848
 1.2145   790
  1.217   868
 1.2195   803
  1.222   802
 1.2245   805
  1.227   774
 1.2295   846
  1.232   842
 1.2345   823
  1.237   841
 1.2395   853
  1.242   850
 1.2445   830
  1.247   840
 1.2495   834
  1.252   840
 1.2545   834
  1.257   835
 1.2595   852
  1.262   800
 1.2645   786
  1.267   807
 1.2695   830
  1.272   846
 1.2745   812
  1.277   834
 1.2795   827
  1.282   785
 1.2845   806
  1.287   829
 1.2895   801
  1.292   851
 1.2945   856
  1.297   771
 1.2995   789
  1.302   765
 1.3045   782
  1.307   772
 1.3095   796
  1.312   806
 1.3145   798
  1.317   794
 1.3195   777
  1.322   782
 1.3245   809
  1.327   797
 1.3295   806
  1.332   769
 1.3345   798
  1.337   790
 1.3395   792
  1.342   805
 1.3445   793
  1.347   775
 1.3495   806
  1.352   803
 1.3545   776
  1.357   798
 1.3595   814
  1.362   793
 1.3645   791
  1.367   768
 1.3695   777
  1.372   815
 1.3745   805
  1.377   806
 1.3795   780
  1.382   755
 1.3845   784
  1.387   818
 1.3895   809
  1.392   811
 1.3945   767
  1.397   775
 1.3995   782
  1.402   778
 1.4045   799
 1.4071   843
 1.4096   876
 1.4121   887
 1.4146   936
 1.4171   957
 1.4196  1014
 1.4221  1052
 1.4246  1111
 1.4271  1146
 1.4296  1185
 1.4321  1245
 1.4346  1420
 1.4371  1545
 1.4396  1627
 1.4421  1730
 1.4446  1829
 1.4471  2001
 1.4496  2150
 1.4521  2258
 1.4546  2404
 1.4571  2622
 1.4596  2821
 1.4621  2956
 1.4646  3085
 1.4671  3191
 1.4696  3375
 1.4721  3474
 1.4746  3600
 1.4771  3798
 1.4796  3832
 1.4821  3793
 1.4846  3848
 1.4871  3934
 1.4896  3917
 1.4921  3911
 1.4946  3905
 1.4971  3841
 1.4996  3728
 1.5021  3675
 1.5046  3617
 1.5071  3495
 1.5096  3404
 1.5121  3251
 1.5146  3058
 1.5171  2916
 1.5196  2820
 1.5221  2614
 1.5246  2460
 1.5271  2310
 1.5296  2114
 1.5321  2007
 1.5346  1887
 1.5371  1730
 1.5396  1621
 1.5421  1521
 1.5446  1421
 1.5471  1355
 1.5496  1267
 1.5521  1205
 1.5546  1129
 1.5571  1053
 1.5596  1000
 1.5621   972
 1.5646   925
 1.5671   871
 1.5696   842
 1.5721   837
 1.5746   808
 1.5771   760
 1.5796   748
 1.5821   756
 1.5846   713
 1.5871   685
 1.5896   694
 1.5921   663
 1.5946   671
 1.5971   661
 1.5996   667
 1.6021   683
 1.6046   673
 1.6071   651
 1.6096   648
 1.6121   650
 1.6146   644
 1.6172   616
 1.6197   626
 1.6222   632
 1.6247   642
 1.6272   644
 1.6297   647
 1.6322   607
 1.6347   595
 1.6372   633
 1.6397   636
 1.6422   660
 1.6447   634
 1.6472   600
 1.6497   608
 1.6522   639
 1.6547   602
 1.6572   591
 1.6597   609
 1.6622   618
 1.6647   638
 1.6672   631
 1.6697   604
 1.6722   616
 1.6747   601
 1.6772   616
 1.6797   617
 1.6822   626
 1.6847   633
 1.6872   636
 1.6897   630
 1.6922   639
 1.6947   618
 1.6972   636
 1.6997   645
 1.7022   616
 1.7047   606
 1.7072   637
 1.7097   645
 1.7122   666
 1.7147   631
 1.7172   641
 1.7197   649
 1.7222   658
 1.7247   668
 1.7272   641
 1.7297   625
 1.7322   650
 1.7347   662
 1.7372   651
 1.7397   668
 1.7422   686
 1.7447   700
 1.7472   665
 1.7497   645
 1.7522   654
 1.7547   660
 1.7572   637
 1.7597   636
 1.7622   675
 1.7647   665
 1.7672   627
 1.7697   604
 1.7722   634
 1.7747   641
 1.7772   617
 1.7797   609
 1.7822   626
 1.7847   641
 1.7872   671
 1.7897   616
 1.7922   600
 1.7947   618
 1.7972   615
 1.7997   608
 1.8022   584
 1.8047   587
 1.8072   612
 1.8097   595
 1.8122   610
 1.8147   587
 1.8172   588
 1.8197   576
 1.8222   593
 1.8248   600
 1.8273   594
 1.8298   611
 1.8323   586
 1.8348   626
 1.8373   550
 1.8398   539
 1.8423   558
 1.8448   560
 1.8473   551
 1.8498   567
 1.8523   529
 1.8548   555
 1.8573   554
 1.8598   573
 1.8623   529
 1.8648   574
 1.8673   555
 1.8698   583
 1.8723   576
 1.8748   551
 1.8773   605
 1.8798   532
 1.8823   551
 1.8848   568
 1.8873   575
 1.8898   631
 1.8923   596
 1.8948   674
 1.8973   604
 1.8998   614
 1.9023   673
 1.9048   673
 1.9073   666
 1.9098   700
 1.9123   768
 1.9148   838
 1.9173   845
 1.9198   844
 1.9223   926
 1.9248  1047
 1.9273  1151
 1.9298  1259
 1.9323  1301
 1.9348  1490
 1.9373  1586
 1.9398  1760
 1.9423  1896
 1.9448  2050
 1.9473  2202
 1.9498  2489
 1.9523  2697
 1.9548  3030
 1.9573  3205
 1.9598  3490
 1.9623  3863
 1.9648  4329
 1.9673  4684
 1.9698  5003
 1.9723  5506
 1.9748  5909
 1.9773  6440
 1.9798  6740
 1.9823  7147
 1.9848  7700
 1.9873  8158
 1.9898  8582
 1.9923  8820
 1.9948  9299
 1.9973  9715
 1.9998  9968
 2.0023 10220
 2.0048 10504
 2.0073 10649
 2.0098 10670
 2.0123 10704
 2.0148 10643
 2.0173 10873
 2.0198 10791
 2.0223 10721
 2.0248 10366
 2.0273 10222
 2.0298  9917
 2.0324  9652
 2.0349  9325
 2.0374  8915
 2.0399  8382
 2.0424  8017
 2.0449  7509
 2.0474  7095
 2.0499  6675
 2.0524  6249
 2.0549  5862
 2.0574  5420
 2.0599  4890
 2.0624  4677
 2.0649  4256
 2.0674  3791
 2.0699  3558
 2.0724  3282
 2.0749  3041
 2.0774  2666
 2.0799  2399
 2.0824  2155
 2.0849  2059
 2.0874  1946
 2.0899  1768
 2.0924  1650
 2.0949  1518
 2.0974  1387
 2.0999  1328
 2.1024  1256
 2.1049  1224
 2.1074  1187
 2.1099  1165
 2.1124  1143
 2.1149  1111
 2.1174  1117
 2.1199  1094
 2.1224  1016
 2.1249  1030
 2.1274  1037
 2.1299  1025
 2.1324   988
 2.1349  1046
 2.1374  1024
 2.1399   999
 2.1424   940
 2.1449   953
 2.1474   937
 2.1499   910
 2.1524   931
 2.1549   873
 2.1574   900
 2.1599   892
 2.1624   859
 2.1649   827
 2.1674   847
 2.1699   800
 2.1724   769
 2.1749   762
 2.1774   762
 2.1799   735
 2.1824   709
 2.1849   682
 2.1874   670
 2.1899   618
 2.1924   631
 2.1949   606
 2.1974   587
 2.1999   575
 2.2024   592
 2.2049   577
 2.2074   558
 2.2099   570
 2.2124   546
 2.2149   524
 2.2174   527
 2.2199   533
 2.2224   526
 2.2249   506
 2.2274   486
 2.2299   471
 2.2324   484
 2.2349   524
 2.2374   527
 2.2399   487
 2.2425   499
  2.245   502
 2.2475   479
   2.25   455
 2.2525   467
  2.255   465
 2.2575   497
   2.26   486
 2.2625   469
  2.265   467
 2.2675   467
   2.27   463
 2.2725   478
  2.275   496
 2.2775   478
   2.28   465
 2.2825   450
  2.285   445
 2.2875   430
   2.29   422
 2.2925   425
  2.295   414
 2.2975   419
    2.3   431
 2.3025   450
  2.305   464
 2.3075   466
   2.31   442
 2.3125   430
  2.315   433
 2.3175   429
   2.32   434
 2.3225   432
  2.325   425
 2.3275   398
   2.33   368
 2.3325   368
  2.335   407
 2.3375   423
   2.34   407
 2.3425   403
  2.345   393
 2.3475   409
   2.35   416
 2.3525   379
  2.355   375
 2.3575   384
   2.36   359
 2.3625   360
  2.365   370
 2.3675   360
   2.37   373
 2.3725   367
  2.375   355
 2.3775   359
   2.38   370
 2.3825   380
  2.385   382
 2.3875   371
   2.39   373
 2.3925   364
  2.395   354
 2.3975   347
    2.4   354
 2.4025   353
  2.405   359
 2.4075   378
   2.41   354
 2.4125   347
  2.415   353
 2.4175   348
   2.42   329
 2.4225   362
  2.425   370
 2.4275   364
   2.43   369
 2.4325   357
  2.435   344
 2.4375   353
   2.44   358
 2.4425   380
  2.445   388
 2.4475   366
 2.4501   332
 2.4526   319
 2.4551   334
 2.4576   344
 2.4601   342
 2.4626   347
 2.4651   349
 2.4676   351
 2.4701   369
 2.4726   348
 2.4751   347
 2.4776   354
 2.4801   353
 2.4826   356
 2.4851   351
 2.4876   352
 2.4901   378
 2.4926   348
 2.4951   334
 2.4976   331
 2.5001   322
 2.5026   335
 2.5051   362
 2.5076   374
 2.5101   365
 2.5126   371
 2.5151   374
 2.5176   365
 2.5201   339
 2.5226   345
 2.5251   341
 2.5276   338
 2.5301   351
 2.5326   368
 2.5351   339
 2.5376   356
 2.5401   361
 2.5426   363
 2.5451   332
 2.5476   343
 2.5501   342
 2.5526   364
 2.5551   351
 2.5576   356
 2.5601   356
 2.5626   310
 2.5651   321
 2.5676   333
 2.5701   341
 2.5726   336
 2.5751   307
 2.5776   326
 2.5801   334
 2.5826   343
 2.5851   356
 2.5876   337
 2.5901   315
 2.5926   318
 2.5951   325
 2.5976   354
 2.6001   353
 2.6026   341
 2.6051   360
 2.6076   335
 2.6101   338
 2.6126   320
 2.6151   313
 2.6176   306
 2.6201   310
 2.6226   310
 2.6251   324
 2.6276   326
 2.6301   311
 2.6326   291
 2.6351   348
 2.6376   309
 2.6401   297
 2.6426   323
 2.6451   308
 2.6476   296
 2.6501   318
 2.6526   301
 2.6551   343
 2.6577   329
 2.6602   303
 2.6627   293
 2.6652   309
 2.6677   318
 2.6702   322
 2.6727   311
 2.6752   305
 2.6777   289
 2.6802   323
 2.6827   307
 2.6852   289
 2.6877   320
 2.6902   303
 2.6927   280
 2.6952   316
 2.6977   284
 2.7002   299
 2.7027   309
 2.7052   316
 2.7077   328
 2.7102   304
 2.7127   280
 2.7152   295
 2.7177   300
 2.7202   281
 2.7227   323
 2.7252   293
 2.7277   312
 2.7302   308
 2.7327   322
 2.7352   296
 2.7377   315
 2.7402   302
 2.7427   319
 2.7452   303
 2.7477   318
 2.7502   267
 2.7527   297
 2.7552   308
 2.7577   277
 2.7602   306
 2.7627   298
 2.7652   287
 2.7677   273
 2.7702   282
 2.7727   301
 2.7752   285
 2.7777   288
 2.7802   268
 2.7827   290
 2.7852   307
 2.7877   299
 2.7902   302
 2.7927   290
 2.7952   260
 2.7977   290
 2.8002   279
 2.8027   294
 2.8052   295
 2.8077   290
 2.8102   303
 2.8127   299
 2.8152   279
 2.8177   292
 2.8202   285
 2.8227   263
 2.8252   311
 2.8277   275
 2.8302   275
 2.8327   303
 2.8352   284
 2.8377   259
 2.8402   289
 2.8427   290
 2.8452   246
 2.8477   291
 2.8502   273
 2.8527   299
 2.8552   239
 2.8577   262
 2.8602   281
 2.8627   270
 2.8652   281
 2.8678   286
 2.8703   258
 2.8728   306
 2.8753   283
 2.8778   273
 2.8803   292
 2.8828   260
 2.8853   287
 2.8878   284
 2.8903   293
 2.8928   242
 2.8953   265
 2.8978   285
 2.9003   278
 2.9028   278
 2.9053   294
 2.9078   264
 2.9103   273
 2.9128   259
 2.9153   268
 2.9178   286
 2.9203   271
 2.9228   264
 2.9253   269
 2.9278   277
 2.9303   254
 2.9328   267
 2.9353   276
 2.9378   248
 2.9403   259
 2.9428   256
 2.9453   270
 2.9478   258
 2.9503   274
 2.9528   249
 2.9553   269
 2.9578   266
 2.9603   253
 2.9628   265
 2.9653   286
 2.9678   279
 2.9703   288
 2.9728   278
 2.9753   285
 2.9778   274
 2.9803   278
 2.9828   283
 2.9853   280
 2.9878   279
 2.9903   278
 2.9928   298
 2.9953   276
 2.9978   264
 3.0003   274
 3.0028   293
 3.0053   253
 3.0078   270
 3.0103   275
 3.0128   270
 3.0153   268
 3.0178   265
 3.0203   283
 3.0228   277
 3.0253   244
 3.0278   232
 3.0303   243
 3.0328   265
 3.0353   250
 3.0378   269
 3.0403   259
 3.0428   266
 3.0453   260
 3.0478   250
 3.0503   274
 3.0528   274
 3.0553   266
 3.0578   267
 3.0603   271
 3.0628   245
 3.0653   241
 3.0678   251
 3.0703   246
 3.0728   233
 3.0754   249
 3.0779   239
 3.0804   250
 3.0829   258
 3.0854   259
 3.0879   251
 3.0904   245
 3.0929   249
 3.0954   249
 3.0979   244
 3.1004   228
 3.1029   228
 3.1054   240
 3.1079   253
 3.1104   259
 3.1129   250
 3.1154   224
 3.1179   238
 3.1204   253
 3.1229   241
 3.1254   227
 3.1279   239
 3.1304   253
 3.1329   236
 3.1354   228
 3.1379   234
 3.1404   248
 3.1429   258
 3.1454   254
 3.1479   256
 3.1504   242
 3.1529   229
 3.1554   236
 3.1579   237
 3.1604   244
 3.1629   230
 3.1654   228
 3.1679   235
 3.1704   237
 3.1729   242
 3.1754   227
 3.1779   237
 3.1804   241
 3.1829   231
 3.1854   229
 3.1879   234
 3.1904   239
 3.1929   244
 3.1954   238
 3.1979   234
 3.2004   233
 3.2029   230
 3.2054   227
 3.2079   223
 3.2104   243
 3.2129   248
 3.2154   234
 3.2179   238
 3.2204   243
 3.2229   232
 3.2254   236
 3.2279   238
 3.2304   208
 3.2329   216
 3.2354   232
 3.2379   236
 3.2404   227
 3.2429   218
 3.2454   239
 3.2479   232
 3.2504   211
 3.2529   206
 3.2554   200
 3.2579   210
 3.2604   220
 3.2629   232
 3.2654   215
 3.2679   202
 3.2704   211
 3.2729   240
 3.2754   238
 3.2779   231
 3.2804   249
  3.283   236
 3.2855   239
  3.288   235
 3.2905   228
  3.293   230
 3.2955   230
  3.298   233
 3.3005   219
  3.303   210
 3.3055   227
  3.308   233
 3.3105   226
  3.313   221
 3.3155   223
  3.318   227
 3.3205   222
  3.323   220
 3.3255   212
  3.328   214
 3.3305   212
  3.333   213
 3.3355   222
  3.338   224
 3.3405   218
  3.343   202
 3.3455   205
  3.348   214
 3.3505   199
  3.353   195
 3.3555   196
  3.358   194
 3.3605   208
  3.363   217
 3.3655   212
  3.368   203
 3.3705   217
  3.373   210
 3.3755   187
  3.378   207
 3.3805   218
  3.383   210
 3.3855   222
  3.388   213
 3.3905   201
  3.393   218
 3.3955   210
  3.398   194
 3.4005   207
  3.403   218
 3.4055   206
  3.408   197
 3.4105   203
  3.413   203
 3.4155   214
  3.418   219
 3.4205   204
  3.423   206
 3.4255   199
  3.428   198
 3.4305   207
  3.433   205
 3.4355   200
  3.438   205
 3.4405   206
  3.443   208
 3.4455   222
  3.448   220
 3.4505   210
  3.453   200
 3.4555   202
  3.458   199
 3.4605   201
  3.463   201
 3.4655   194
  3.468   189
 3.4705   202
  3.473   206
 3.4755   190
  3.478   192
 3.4805   198
  3.483   219
 3.4855   217
  3.488   215
 3.4905   207
 3.4931   183
 3.4956   179
 3.4981   194
 3.5006   196
 3.5031   203
 3.5056   203
 3.5081   215
 3.5106   223
 3.5131   216
 3.5156   220
 3.5181   205
 3.5206   209
 3.5231   218
 3.5256   192
 3.5281   187
 3.5306   193
 3.5331   212
 3.5356   226
 3.5381   210
 3.5406   206
 3.5431   199
 3.5456   182
 3.5481   185
 3.5506   201
 3.5531   219
 3.5556   202
 3.5581   186
 3.5606   187
 3.5631   204
 3.5656   203
 3.5681   191
 3.5706   196
 3.5731   194
 3.5756   197
 3.5781   198
 3.5806   186
 3.5831   210
 3.5856   194
 3.5881   178
 3.5906   186
 3.5931   192
 3.5956   193
 3.5981   176
 3.6006   194
 3.6031   201
 3.6056   200
 3.6081   177
 3.6106   168
 3.6131   181
 3.6156   187
 3.6181   197
 3.6206   183
 3.6231   185
 3.6256   193
 3.6281   193
 3.6306   185
 3.6331   189
 3.6356   185
 3.6381   179
 3.6406   172
 3.6431   174
 3.6456   199
 3.6481   196
 3.6506   183
 3.6531   200
 3.6556   181
 3.6581   196
 3.6606   180
 3.6631   170
 3.6656   192
 3.6681   190
 3.6706   189
 3.6731   186
 3.6756   168
 3.6781   187
 3.6806   175
 3.6831   187
 3.6856   198
 3.6881   183
 3.6906   174
 3.6931   181
 3.6956   200
 3.6981   208
 3.7007   205
 3.7032   190
 3.7057   202
 3.7082   174
 3.7107   185
 3.7132   194
 3.7157   184
 3.7182   184
 3.7207   167
 3.7232   157
 3.7257   171
 3.7282   183
 3.7307   189
 3.7332   190
 3.7357   179
 3.7382   182
 3.7407   181
 3.7432   199
 3.7457   186
 3.7482   159
 3.7507   145
 3.7532   173
 3.7557   187
 3.7582   192
 3.7607   176
 3.7632   175
 3.7657   199
 3.7682   174
 3.7707   182
 3.7732   196
 3.7757   182
 3.7782   172
 3.7807   175
 3.7832   165
 3.7857   151
 3.7882   186
 3.7907   171
 3.7932   199
 3.7957   194
 3.7982   179
 3.8007   190
 3.8032   191
 3.8057   168
 3.8082   175
 3.8107   146
 3.8132   168
 3.8157   175
 3.8182   171
 3.8207   173
 3.8232   160
 3.8257   175
 3.8282   175
 3.8307   181
 3.8332   187
 3.8357   169
 3.8382   157
 3.8407   187
 3.8432   168
 3.8457   145
 3.8482   181
 3.8507   158
 3.8532   190
 3.8557   186
 3.8582   166
 3.8607   155
 3.8632   187
 3.8657   193
 3.8682   170
 3.8707   168
 3.8732   173
 3.8757   174
 3.8782   176
 3.8807   150
 3.8832   155
 3.8857   154
 3.8882   163
 3.8907   160
 3.8932   183
 3.8957   151
 3.8982   168
 3.9007   172
 3.9032   168
 3.9057   165
 3.9083   164
 3.9108   163
 3.9133   167
 3.9158   163
 3.9183   171
 3.9208   169
 3.9233   165
 3.9258   155
 3.9283   162
 3.9308   168
 3.9333   198
 3.9358   156
 3.9383   158
 3.9408   160
 3.9433   152
 3.9458   164
 3.9483   156
 3.9508   148
 3.9533   161
 3.9558   152
 3.9583   171
 3.9608   165
 3.9633   167
 3.9658   150
 3.9683   146
 3.9708   160
 3.9733   169
 3.9758   192
 3.9783   160
 3.9808   150
 3.9833   155
 3.9858   171
 3.9883   158
 3.9908   178
 3.9933   159
 3.9958   159
 3.9983   160
 4.0008   150
 4.0033   159
 4.0058   159
 4.0083   152
 4.0108   163
 4.0133   166
 4.0158   169
 4.0183   165
 4.0208   169
 4.0233   156
 4.0258   145
 4.0283   151
 4.0308   168
 4.0333   174
 4.0358   136
 4.0383   169
 4.0408   162
 4.0433   157
 4.0458   157
 4.0483   143
 4.0508   143
 4.0533   154
 4.0558   149
 4.0583   161
 4.0608   152
 4.0633   174
 4.0658   164
 4.0683   165
 4.0708   164
 4.0733   159
 4.0758   155
 4.0783   166
 4.0808   150
 4.0833   155
 4.0858   171
 4.0883   151
 4.0908   157
 4.0933   137
 4.0958   148
 4.0983   160
 4.1008   142
 4.1033   166
 4.1058   154
 4.1083   146
 4.1108   146
 4.1133   133
 4.1158   148
 4.1184   148
 4.1209   147
 4.1234   157
 4.1259   141
 4.1284   141
 4.1309   138
 4.1334   144
 4.1359   156
 4.1384   143
 4.1409   162
 4.1434   169
 4.1459   161
 4.1484   171
 4.1509   141
 4.1534   147
 4.1559   128
 4.1584   135
 4.1609   143
 4.1634   133
 4.1659   135
 4.1684   145
 4.1709   154
 4.1734   146
 4.1759   148
 4.1784   150
 4.1809   148
 4.1834   151
 4.1859   155
 4.1884   145
 4.1909   128
 4.1934   139
 4.1959   150
 4.1984   137
 4.2009   138
 4.2034   158
 4.2059   146
 4.2084   151
 4.2109   151
 4.2134   153
 4.2159   156
 4.2184   137
 4.2209   143
 4.2234   151
 4.2259   136
 4.2284   142
 4.2309   135
 4.2334   142
 4.2359   139
 4.2384   148
 4.2409   132
 4.2434   131
 4.2459   140
 4.2484   142
 4.2509   131
 4.2534   131
 4.2559   140
 4.2584   146
 4.2609   137
 4.2634   146
 4.2659   144
 4.2684   149
 4.2709   154
 4.2734   147
 4.2759   145
 4.2784   138
 4.2809   134
 4.2834   145
 4.2859   148
 4.2884   132
 4.2909   142
 4.2934   147
 4.2959   141
 4.2984   137
 4.3009   143
 4.3034   133
 4.3059   150
 4.3084   157
 4.3109   146
 4.3134   134
 4.3159   134
 4.3184   141
 4.3209   136
 4.3234   131
  4.326   135
 4.3285   136
  4.331   138
 4.3335   141
  4.336   143
 4.3385   144
  4.341   145
 4.3435   141
  4.346   155
 4.3485   146
  4.351   149
 4.3535   167
  4.356   160
 4.3585   162
  4.361   166
 4.3635   154
  4.366   145
 4.3685   155
  4.371   180
 4.3735   178
  4.376   159
 4.3785   169
  4.381   185
 4.3835   190
  4.386   205
 4.3885   217
  4.391   227
 4.3935   236
  4.396   245
 4.3985   249
  4.401   276
 4.4035   311
  4.406   315
 4.4085   311
  4.411   330
 4.4135   346
  4.416   373
 4.4185   423
  4.421   433
 4.4235   461
  4.426   505
 4.4285   529
  4.431   568
 4.4335   622
  4.436   684
 4.4385   732
  4.441   757
 4.4435   779
  4.446   834
 4.4485   888
  4.451   907
 4.4535   957
  4.456  1032
 4.4585  1087
  4.461  1154
 4.4635  1198
  4.466  1218
 4.4685  1264
  4.471  1278
 4.4735  1331
  4.476  1405
 4.4785  1457
  4.481  1497
 4.4835  1527
  4.486  1574
 4.4885  1547
  4.491  1585
 4.4935  1677
  4.496  1654
 4.4985  1661
  4.501  1702
 4.5035  1731
  4.506  1705
 4.5085  1718
  4.511  1717
 4.5135  1704
  4.516  1715
 4.5185  1678
  4.521  1621
 4.5235  1563
  4.526  1523
 4.5285  1521
  4.531  1534
 4.5336  1454
 4.5361  1417
 4.5386  1360
 4.5411  1314
 4.5436  1313
 4.5461  1244
 4.5486  1159
 4.5511  1156
 4.5536  1158
 4.5561  1061
 4.5586   977
 4.5611   937
 4.5636   884
 4.5661   828
 4.5686   798
 4.5711   735
 4.5736   749
 4.5761   687
 4.5786   653
 4.5811   586
 4.5836   554
 4.5861   500
 4.5886   481
 4.5911   488
 4.5936   415
 4.5961   394
 4.5986   379
 4.6011   367
 4.6036   340
 4.6061   314
 4.6086   303
 4.6111   281
 4.6136   247
 4.6161   242
 4.6186   236
 4.6211   235
 4.6236   197
 4.6261   185
 4.6286   207
 4.6311   211
 4.6336   175
 4.6361   165
 4.6386   152
 4.6411   135
 4.6436   145
 4.6461   152
 4.6486   143
 4.6511   120
 4.6536   137
 4.6561   120
 4.6586   122
 4.6611   128
 4.6636   135
 4.6661   128
 4.6686   131
 4.6711   125
 4.6736   123
 4.6761   129
 4.6786   134
 4.6811   134
 4.6836   136
 4.6861   110
 4.6886   129
 4.6911   132
 4.6936   117
 4.6961   116
 4.6986   113
 4.7011   107
 4.7036   110
 4.7061   130
 4.7086   124
 4.7111   135
 4.7136   119
 4.7161   110
 4.7186   109
 4.7211   123
 4.7236   119
 4.7261   117
 4.7286   124
 4.7311   111
 4.7336   120
 4.7361   122
 4.7386   122
 4.7411   119
 4.7437   135
 4.7462   141
 4.7487   135
 4.7512   125
 4.7537   132
 4.7562   131
 4.7587   119
 4.7612   114
 4.7637   127
 4.7662   133
 4.7687   122
 4.7712   138
 4.7737   126
 4.7762   134
 4.7787   121
 4.7812   139
 4.7837   122
 4.7862   125
 4.7887   124
 4.7912   116
 4.7937   128
 4.7962   136
 4.7987   134
 4.8012   124
 4.8037   140
 4.8062   141
 4.8087   143
 4.8112   134
 4.8137   136
 4.8162   136
 4.8187   136
 4.8212   153
 4.8237   142
 4.8262   147
 4.8287   157
 4.8312   134
 4.8337   131
 4.8362   167
 4.8387   147
 4.8412   157
 4.8437   183
 4.8462   167
 4.8487   158
 4.8512   154
 4.8537   180
 4.8562   186
 4.8587   201
 4.8612   188
 4.8637   167
 4.8662   185
 4.8687   213
 4.8712   210
 4.8737   175
 4.8762   213
 4.8787   233
 4.8812   230
 4.8837   244
 4.8862   226
 4.8887   229
 4.8912   252
 4.8937   257
 4.8962   259
 4.8987   279
 4.9012   264
 4.9037   269
 4.9062   299
 4.9087   293
 4.9112   285
 4.9137   273
 4.9162   290
 4.9187   304
 4.9212   280
 4.9237   302
 4.9262   324
 4.9287   332
 4.9312   312
 4.9337   274
 4.9362   288
 4.9387   279
 4.9412   281
 4.9437   286
 4.9462   292
 4.9487   269
 4.9513   274
 4.9538   288
 4.9563   259
 4.9588   253
 4.9613   268
 4.9638   258
 4.9663   244
 4.9688   251
 4.9713   247
 4.9738   260
 4.9763   211
 4.9788   212
 4.9813   210
 4.9838   211
 4.9863   204
 4.9888   179
 4.9913   220
 4.9938   194
 4.9963   177
 4.9988   192
 5.0013   164
 5.0038   166
 5.0063   172
 5.0088   171
 5.0113   161
 5.0138   148
 5.0163   130
 5.0188   126
 5.0213   142
 5.0238   127
 5.0263   116
 5.0288   121
 5.0313   134
 5.0338   106
 5.0363   113
 5.0388   115
 5.0413   114
 5.0438   105
 5.0463   122
 5.0488   135
 5.0513   114
 5.0538   116
 5.0563   106
 5.0588   116
 5.0613   132
 5.0638   109
 5.0663   115
 5.0688   114
 5.0713   111
 5.0738   108
 5.0763   113
 5.0788   108
 5.0813   104
 5.0838   110
 5.0863   110
 5.0888   105
 5.0913    97
 5.0938    95
 5.0963   121
 5.0988   108
 5.1013   103
 5.1038    89
 5.1063    92
 5.1088    85
 5.1113    93
 5.1138    97
 5.1163    94
 5.1188    99
 5.1213   106
 5.1238   103
 5.1263    92
 5.1288    88
 5.1313    87
 5.1338    92
 5.1363    92
 5.1388    98
 5.1413    85
 5.1438   100
 5.1463    99
 5.1488    87
 5.1513    81
 5.1538    93
 5.1563   105
 5.1589    97
 5.1614    95
 5.1639    94
 5.1664    80
 5.1689    84
 5.1714    82
 5.1739    91
 5.1764   102
 5.1789    98
 5.1814    89
 5.1839    88
 5.1864    80
 5.1889    92
 5.1914    93
 5.1939   113
 5.1964   104
 5.1989    87
 5.2014    96
 5.2039    95
 5.2064    87
 5.2089    90
 5.2114    90
 5.2139    86
 5.2164    88
 5.2189    87
 5.2214    86
 5.2239    78
 5.2264    84
 5.2289    88
 5.2314    88
 5.2339    91
 5.2364   103
 5.2389    97
 5.2414   100
 5.2439    86
 5.2464    77
 5.2489    90
 5.2514    80
 5.2539    99
 5.2564   101
 5.2589    80
 5.2614    75
 5.2639   102
 5.2664    96
 5.2689    75
 5.2714    78
 5.2739    79
 5.2764    90
 5.2789    88
 5.2814    93
 5.2839    94
 5.2864    93
 5.2889    84
 5.2914    81
 5.2939    87
 5.2964    96
 5.2989    99
 5.3014    95
 5.3039    93
 5.3064    76
 5.3089    76
 5.3114    84
 5.3139    90
 5.3164    89
 5.3189    79
 5.3214    88
 5.3239    92
 5.3264    91
 5.3289    90
 5.3314    86
 5.3339    89
 5.3364    81
 5.3389    69
 5.3414    72
 5.3439    74
 5.3464    71
 5.3489    77
 5.3514    82
 5.3539    81
 5.3564    79
 5.3589    88
 5.3614    98
 5.3639    94
 5.3664    85
  5.369    84
 5.3715    84
  5.374    93
 5.3765    94
  5.379    85
 5.3815    96
  5.384    92
 5.3865    80
  5.389    84
 5.3915    91
  5.394    85
 5.3965    88
  5.399    93
 5.4015    91
  5.404    94
 5.4065    85
  5.409    85
 5.4115    96
  5.414   102
 5.4165    95
  5.419    79
 5.4215    81
  5.424    81
 5.4265    77
  5.429    79
 5.4315    81
  5.434    89
 5.4365    78
  5.439    79
 5.4415    87
  5.444    82
 5.4465    93
  5.449    95
 5.4515    84
  5.454    79
 5.4565    76
  5.459    77
 5.4615    81
  5.464    82
 5.4665    77
  5.469    79
 5.4715    84
  5.474    80
 5.4765    82
  5.479    88
 5.4815    83
  5.484    75
 5.4865    76
  5.489    96
 5.4915    87
  5.494    74
 5.4965    74
  5.499    86
 5.5015    75
  5.504    66
 5.5065    78
  5.509    85
 5.5115    98
  5.514    85
 5.5165    79
  5.519    78
 5.5215    72
  5.524    70
 5.5265    79
  5.529    91
 5.5315    91
  5.534    84
 5.5365    71
  5.539    71
 5.5415    73
  5.544    77
 5.5465    91
  5.549    84
 5.5515    77
  5.554    82
 5.5565    90
  5.559    90
 5.5615    83
  5.564    90
 5.5665    85
  5.569    77
 5.5715    74
  5.574    71
 5.5766    79
 5.5791    82
 5.5816    65
 5.5841    68
 5.5866    75
 5.5891    71
 5.5916    75
 5.5941    81
 5.5966    84
 5.5991    79
 5.6016    82
 5.6041    75
 5.6066    73
 5.6091    66
 5.6116    81
 5.6141    86
 5.6166    67
 5.6191    69
 5.6216    71
 5.6241    79
 5.6266    77
 5.6291    76
 5.6316    76
 5.6341    90
 5.6366    71
 5.6391    71
 5.6416    68
 5.6441    74
 5.6466    83
 5.6491    81
 5.6516    72
 5.6541    67
 5.6566    67
 5.6591    69
 5.6616    60
 5.6641    71
 5.6666    77
 5.6691    69
 5.6716    60
 5.6741    71
 5.6766    81
 5.6791    87
 5.6816    83
 5.6841    81
 5.6866    68
 5.6891    83
 5.6916    68
 5.6941    65
 5.6966    64
 5.6991    62
 5.7016    59
 5.7041    74
 5.7066    63
 5.7091    74
 5.7116    71
 5.7141    73
 5.7166    73
 5.7191    72
 5.7216    79
 5.7241    75
 5.7266    70
 5.7291    73
 5.7316    68
 5.7341    77
 5.7366    66
 5.7391    82
 5.7416    77
 5.7441    72
 5.7466    76
 5.7491    74
 5.7516    77
 5.7541    78
 5.7566    88
 5.7591    78
 5.7616    72
 5.7641    61
 5.7666    65
 5.7691    76
 5.7716    60
 5.7741    66
 5.7766    77
 5.7791    75
 5.7816    82
 5.7842    75
 5.7867    67
 5.7892    64
 5.7917    74
 5.7942    74
 5.7967    66
 5.7992    65
 5.8017    69
 5.8042    76
 5.8067    72
 5.8092    80
 5.8117    72
 5.8142    54
 5.8167    67
 5.8192    72
 5.8217    61
 5.8242    66
 5.8267    57
 5.8292    55
 5.8317    64
 5.8342    68
 5.8367    64
 5.8392    67
 5.8417    59
 5.8442    67
 5.8467    72
 5.8492    56
 5.8517    67
 5.8542    67
 5.8567    63
 5.8592    57
 5.8617    73
 5.8642    66
 5.8667    65
 5.8692    64
 5.8717    75
 5.8742    63
 5.8767    71
 5.8792    68
 5.8817    67
 5.8842    61
 5.8867    69
 5.8892    75
 5.8917    74
 5.8942    66
 5.8967    56
 5.8992    69
 5.9017    73
 5.9042    74
 5.9067    60
 5.9092    59
 5.9117    47
 5.9142    66
 5.9167    75
 5.9192    75
 5.9217    62
 5.9242    62
 5.9267    69
 5.9292    68
 5.9317    60
 5.9342    83
 5.9367    63
 5.9392    77
 5.9417    69
 5.9442    74
 5.9467    73
 5.9492    75
 5.9517    65
 5.9542    59
 5.9567    63
 5.9592    75
 5.9617    74
 5.9642    65
 5.9667    69
 5.9692    63
 5.9717    69
 5.9742    73
 5.9767    68
 5.9792    45
 5.9817    59
 5.9842    79
 5.9867    55
 5.9892    57
 5.9917    67
 5.9943    74
 5.9968    73
 5.9993    56
 6.0018    71
 6.0043    60
 6.0068    62
 6.0093    80
 6.0118    55
 6.0143    66
 6.0168    57
 6.0193    63
 6.0218    75
 6.0243    58
 6.0268    70
 6.0293    61
 6.0318    64
 6.0343    65
 6.0368    59
 6.0393    53
 6.0418    67
 6.0443    49
 6.0468    59
 6.0493    62
 6.0518    58
 6.0543    54
 6.0568    59
 6.0593    66
 6.0618    58
 6.0643    64
 6.0668    63
 6.0693    55
 6.0718    73
 6.0743    52
 6.0768    73
 6.0793    65
 6.0818    63
 6.0843    67
 6.0868    62
 6.0893    83
 6.0918    58
 6.0943    47
 6.0968    69
 6.0993    53
 6.1018    67
 6.1043    63
 6.1068    69
 6.1093    57
 6.1118    45
 6.1143    59
 6.1168    52
 6.1193    73
 6.1218    58
 6.1243    65
 6.1268    63
 6.1293    48
 6.1318    64
 6.1343    56
 6.1368    48
 6.1393    64
 6.1418    53
 6.1443    63
 6.1468    63
 6.1493    60
 6.1518    61
 6.1543    64
 6.1568    52
 6.1593    61
 6.1618    60
 6.1643    51
 6.1668    52
 6.1693    58
 6.1718    54
 6.1743    56
 6.1768    56
 6.1793    47
 6.1818    55
 6.1843    62
 6.1868    61
 6.1893    51
 6.1918    75
 6.1943    61
 6.1968    52
 6.1993    58
 6.2019    65
 6.2044    62
 6.2069    56
 6.2094    56
 6.2119    56
 6.2144    59
 6.2169    47
 6.2194    59
 6.2219    57
 6.2244    54
 6.2269    51
 6.2294    48
 6.2319    65
 6.2344    47
 6.2369    61
 6.2394    43
 6.2419    68
 6.2444    59
 6.2469    54
 6.2494    49
 6.2519    59
 6.2544    58
 6.2569    54
 6.2594    44
 6.2619    54
 6.2644    61
 6.2669    57
 6.2694    61
 6.2719    65
 6.2744    48
 6.2769    55
 6.2794    66
 6.2819    65
 6.2844    68
 6.2869    61
 6.2894    72
 6.2919    62
 6.2944    52
 6.2969    51
 6.2994    66
 6.3019    53
 6.3044    43
 6.3069    63
 6.3094    60
 6.3119    65
 6.3144    48
 6.3169    70
 6.3194    57
 6.3219    58
 6.3244    61
 6.3269    73
 6.3294    64
 6.3319    65
 6.3344    55
 6.3369    60
 6.3394    56
 6.3419    52
 6.3444    62
 6.3469    40
 6.3494    61
 6.3519    62
 6.3544    48
 6.3569    57
 6.3594    50
 6.3619    73
 6.3644    59
 6.3669    67
 6.3694    64
 6.3719    59
 6.3744    53
 6.3769    69
 6.3794    50
 6.3819    57
 6.3844    69
 6.3869    60
 6.3894    58
 6.3919    60
 6.3944    59
 6.3969    62
 6.3994    57
 6.4019    63
 6.4044    52
 6.4069    64
 6.4095    56
  6.412    68
 6.4145    66
  6.417    46
 6.4195    62
  6.422    71
 6.4245    59
  6.427    50
 6.4295    58
  6.432    40
 6.4345    54
  6.437    47
 6.4395    60
  6.442    52
 6.4445    50
  6.447    71
 6.4495    69
  6.452    54
 6.4545    58
  6.457    67
 6.4595    47
  6.462    57
 6.4645    43
  6.467    50
 6.4695    60
  6.472    65
 6.4745    47
  6.477    60
 6.4795    59
  6.482    58
 6.4845    45
  6.487    51
 6.4895    61
  6.492    56
 6.4945    56
  6.497    41
 6.4995    57
  6.502    45
 6.5045    55
  6.507    55
 6.5095    50
  6.512    41
 6.5145    40
  6.517    52
 6.5195    48
  6.522    51
 6.5245    45
  6.527    50
 6.5295    50
  6.532    63
 6.5345    56
  6.537    42
 6.5395    45
  6.542    42
 6.5445    45
  6.547    48
 6.5495    59
  6.552    45
 6.5545    48
  6.557    53
 6.5595    52
  6.562    48
 6.5645    39
  6.567    49
 6.5695    50
  6.572    49
 6.5745    42
  6.577    38
 6.5795    51
  6.582    45
 6.5845    49
  6.587    56
 6.5895    42
  6.592    42
 6.5945    62
  6.597    55
 6.5995    46
  6.602    56
 6.6045    53
  6.607    41
 6.6095    54
  6.612    53
 6.6145    55
  6.617    47
 6.6196    48
 6.6221    49
 6.6246    54
 6.6271    49
 6.6296    43
 6.6321    53
 6.6346    37
 6.6371    46
 6.6396    42
 6.6421    48
 6.6446    51
 6.6471    48
 6.6496    42
 6.6521    46
 6.6546    42
 6.6571    43
 6.6596    43
 6.6621    47
 6.6646    53
 6.6671    42
 6.6696    48
 6.6721    60
 6.6746    48
 6.6771    47
 6.6796    51
 6.6821    40
 6.6846    43
 6.6871    44
 6.6896    43
 6.6921    34
 6.6946    55
 6.6971    36
 6.6996    50
 6.7021    47
 6.7046    55
 6.7071    41
 6.7096    44
 6.7121    43
 6.7146    34
 6.7171    46
 6.7196    57
 6.7221    40
 6.7246    46
 6.7271    39
 6.7296    52
 6.7321    35
 6.7346    48
 6.7371    54
 6.7396    32
 6.7421    48
 6.7446    60
 6.7471    51
 6.7496    33
 6.7521    41
 6.7546    48
 6.7571    39
 6.7596    46
 6.7621    48
 6.7646    31
 6.7671    43
 6.7696    50
 6.7721    39
 6.7746    41
 6.7771    54
 6.7796    45
 6.7821    41
 6.7846    42
 6.7871    38
 6.7896    33
 6.7921    52
 6.7946    44
 6.7971    37
 6.7996    28
 6.8021    38
 6.8046    43
 6.8071    43
 6.8096    50
 6.8121    46
 6.8146    50
 6.8171    44
 6.8196    54
 6.8221    44
 6.8246    48
 6.8272    46
 6.8297    46
 6.8322    44
 6.8347    32
 6.8372    46
 6.8397    56
 6.8422    36
 6.8447    45
 6.8472    46
 6.8497    41
 6.8522    34
 6.8547    43
 6.8572    43
 6.8597    54
 6.8622    47
 6.8647    43
 6.8672    55
 6.8697    41
 6.8722    42
 6.8747    43
 6.8772    44
 6.8797    40
 6.8822    50
 6.8847    49
 6.8872    49
 6.8897    46
 6.8922    32
 6.8947    33
 6.8972    30
 6.8997    56
 6.9022    55
 6.9047    49
 6.9072    39
 6.9097    41
 6.9122    46
 6.9147    34
 6.9172    39
 6.9197    48
 6.9222    48
 6.9247    48
 6.9272    59
 6.9297    55
 6.9322    53
 6.9347    34
 6.9372    44
 6.9397    29
 6.9422    47
 6.9447    41
 6.9472    40
 6.9497    45
 6.9522    47
 6.9547    43
 6.9572    39
 6.9597    43
 6.9622    33
 6.9647    45
 6.9672    46
 6.9697    36
 6.9722    48
 6.9747    31
 6.9772    36
 6.9797    44
 6.9822    44
 6.9847    44
 6.9872    33
 6.9897    38
 6.9922    35
 6.9947    38
 6.9972    39
 6.9997    37
 7.0022    36
 7.0047    44
 7.0072    39
 7.0097    51
 7.0122    36
 7.0147    52
 7.0172    35
 7.0197    46
 7.0222    45
 7.0247    33
 7.0272    39
 7.0297    31
 7.0322    47
 7.0348    37
 7.0373    29
 7.0398    46
 7.0423    34
 7.0448    35
 7.0473    43
 7.0498    38
 7.0523    42
 7.0548    35
 7.0573    36
 7.0598    40
 7.0623    46
 7.0648    26
 7.0673    40
 7.0698    45
 7.0723    51
 7.0748    25
 7.0773    42
 7.0798    39
 7.0823    47
 7.0848    35
 7.0873    42
 7.0898    34
 7.0923    40
 7.0948    39
 7.0973    35
 7.0998    43
 7.1023    38
 7.1048    32
 7.1073    41
 7.1098    44
 7.1123    41
 7.1148    38
 7.1173    47
 7.1198    36
 7.1223    32
 7.1248    43
 7.1273    36
 7.1298    27
 7.1323    38
 7.1348    31
 7.1373    32
 7.1398    44
 7.1423    39
 7.1448    44
 7.1473    36
 7.1498    30
 7.1523    37
 7.1548    39
 7.1573    35
 7.1598    34
 7.1623    25
 7.1648    32
 7.1673    47
 7.1698    39
 7.1723    44
 7.1748    38
 7.1773    44
 7.1798    35
 7.1823    44
 7.1848    42
 7.1873    35
 7.1898    35
 7.1923    38
 7.1948    41
 7.1973    25
 7.1998    36
 7.2023    34
 7.2048    40
 7.2073    37
 7.2098    40
 7.2123    38
 7.2148    34
 7.2173    39
 7.2198    27
 7.2223    30
 7.2248    33
 7.2273    40
 7.2298    34
 7.2323    28
 7.2348    30
 7.2373    35
 7.2398    24
 7.2423    29
 7.2449    40
 7.2474    41
 7.2499    36
 7.2524    30
 7.2549    25
 7.2574    31
 7.2599    34
 7.2624    51
 7.2649    35
 7.2674    39
 7.2699    34
 7.2724    31
 7.2749    33
 7.2774    29
 7.2799    26
 7.2824    28
 7.2849    41
 7.2874    37
 7.2899    36
 7.2924    31
 7.2949    30
 7.2974    29
 7.2999    35
 7.3024    35
 7.3049    32
 7.3074    32
 7.3099    39
 7.3124    32
 7.3149    40
 7.3174    32
 7.3199    35
 7.3224    42
 7.3249    34
 7.3274    37
 7.3299    32
 7.3324    21
 7.3349    39
 7.3374    26
 7.3399    35
 7.3424    44
 7.3449    36
 7.3474    28
 7.3499    35
 7.3524    32
 7.3549    38
 7.3574    36
 7.3599    34
 7.3624    26
 7.3649    21
 7.3674    38
 7.3699    39
 7.3724    39
 7.3749    27
 7.3774    32
 7.3799    40
 7.3824    33
 7.3849    38
 7.3874    36
 7.3899    37
 7.3924    38
 7.3949    31
 7.3974    34
 7.3999    34
 7.4024    34
 7.4049    28
 7.4074    24
 7.4099    35
 7.4124    26
 7.4149    39
 7.4174    39
 7.4199    24
 7.4224    32
 7.4249    24
 7.4274    32
 7.4299    23
 7.4324    39
 7.4349    39
 7.4374    29
 7.4399    26
 7.4424    20
 7.4449    27
 7.4474    21
 7.4499    28
 7.4525    35
  7.455    28
 7.4575    34
   7.46    22
 7.4625    30
  7.465    32
 7.4675    36
   7.47    32
 7.4725    23
  7.475    37
 7.4775    25
   7.48    35
 7.4825    40
  7.485    37
 7.4875    31
   7.49    27
 7.4925    31
  7.495    24
 7.4975    33
    7.5    33
 7.5025    31
  7.505    20
 7.5075    22
   7.51    28
 7.5125    29
  7.515    19
 7.5175    18
   7.52    32
 7.5225    26
  7.525    21
 7.5275    28
   7.53    30
 7.5325    31
  7.535    32
 7.5375    34
   7.54    32
 7.5425    33
  7.545    28
 7.5475    29
   7.55    25
 7.5525    39
  7.555    36
 7.5575    31
   7.56    29
 7.5625    18
  7.565    28
 7.5675    33
   7.57    36
 7.5725    32
  7.575    30
 7.5775    35
   7.58    28
 7.5825    29
  7.585    29
 7.5875    19
   7.59    25
 7.5925    25
  7.595    25
 7.5975    17
    7.6    32
 7.6025    29
  7.605    31
 7.6075    27
   7.61    28
 7.6125    26
  7.615    37
 7.6175    26
   7.62    26
 7.6225    29
  7.625    31
 7.6275    32
   7.63    24
 7.6325    28
  7.635    39
 7.6375    19
   7.64    28
 7.6425    26
  7.645    24
 7.6475    23
   7.65    31
 7.6525    36
  7.655    32
 7.6575    20
 7.6601    14
 7.6626    26
 7.6651    32
 7.6676    26
 7.6701    29
 7.6726    27
 7.6751    26
 7.6776    15
 7.6801    29
 7.6826    20
 7.6851    27
 7.6876    25
 7.6901    22
 7.6926    28
 7.6951    23
 7.6976    30
 7.7001    25
 7.7026    37
 7.7051    29
 7.7076    27
 7.7101    29
 7.7126    24
 7.7151    23
 7.7176    32
 7.7201    19
 7.7226    25
 7.7251    39
 7.7276    31
 7.7301    22
 7.7326    31
 7.7351    26
 7.7376    23
 7.7401    26
 7.7426    29
 7.7451    13
 7.7476    25
 7.7501    28
 7.7526    19
 7.7551    31
 7.7576    37
 7.7601    28
 7.7626    24
 7.7651    28
 7.7676    23
 7.7701    17
 7.7726    35
 7.7751    32
 7.7776    24
 7.7801    16
 7.7826    38
 7.7851    31
 7.7876    35
 7.7901    21
 7.7926    25
 7.7951    39
 7.7976    27
 7.8001    23
 7.8026    33
 7.8051    22
 7.8076    24
 7.8101    30
 7.8126    24
 7.8151    22
 7.8176    30
 7.8201    25
 7.8226    19
 7.8251    21
 7.8276    19
 7.8301    21
 7.8326    26
 7.8351    32
 7.8376    23
 7.8401    26
 7.8426    26
 7.8451    21
 7.8476    20
 7.8501    20
 7.8526    29
 7.8551    21
 7.8576    28
 7.8601    22
 7.8626    22
 7.8651    21
 7.8676    27
 7.8702    17
 7.8727    28
 7.8752    24
 7.8777    23
 7.8802    23
 7.8827    25
 7.8852    18
 7.8877    32
 7.8902    18
 7.8927    24
 7.8952    23
 7.8977    23
 7.9002    39
 7.9027    21
 7.9052    21
 7.9077    25
 7.9102    29
 7.9127    23
 7.9152    27
 7.9177    27
 7.9202    28
 7.9227    25
 7.9252    22
 7.9277    25
 7.9302    27
 7.9327    35
 7.9352    23
 7.9377    20
 7.9402    32
 7.9427    25
 7.9452    18
 7.9477    33
 7.9502    22
 7.9527    17
 7.9552    24
 7.9577    28
 7.9602    20
 7.9627    30
 7.9652    36
 7.9677    21
 7.9702    23
 7.9727    21
 7.9752    22
 7.9777    20
 7.9802    27
 7.9827    19
 7.9852    20
 7.9877    24
 7.9902    27
 7.9927    29
 7.9952    36
 7.9977    20
 8.0002    32
 8.0027    15
 8.0052    23
 8.0077    21
 8.0102    18
 8.0127    31
 8.0152    20
 8.0177    26
 8.0202    28
 8.0227    34
 8.0252    21
 8.0277    24
 8.0302    22
 8.0327    32
 8.0352    22
 8.0377    25
 8.0402    21
 8.0427    15
 8.0452    26
 8.0477    30
 8.0502    24
 8.0527    17
 8.0552    22
 8.0577    19
 8.0602    22
 8.0627    29
 8.0652    22
 8.0677    23
 8.0702    16
 8.0727    31
 8.0752    24
 8.0778    18
 8.0803    21
 8.0828    21
 8.0853    29
 8.0878    20
 8.0903    29
 8.0928    20
 8.0953    20
 8.0978    20
 8.1003    25
 8.1028    20
 8.1053    24
 8.1078    20
 8.1103    24
 8.1128    33
 8.1153    18
 8.1178    25
 8.1203    21
 8.1228    29
 8.1253    18
 8.1278    14
 8.1303    22
 8.1328    23
 8.1353    21
 8.1378    22
 8.1403    16
 8.1428    19
 8.1453    30
 8.1478    16
 8.1503    22
 8.1528    15
 8.1553    24
 8.1578    22
 8.1603    20
 8.1628    24
 8.1653    22
 8.1678    20
 8.1703    22
 8.1728    19
 8.1753    22
 8.1778    22
 8.1803    24
 8.1828    28
 8.1853    23
 8.1878    16
 8.1903    22
 8.1928    21
 8.1953    18
 8.1978    24
 8.2003    15
 8.2028    21
 8.2053    14
 8.2078    17
 8.2103    24
 8.2128    16
 8.2153    19
 8.2178    24
 8.2203    23
 8.2228    20
 8.2253    19
 8.2278    29
 8.2303    20
 8.2328    20
 8.2353    21
 8.2378    22
 8.2403    28
 8.2428    20
 8.2453    20
 8.2478    16
 8.2503    18
 8.2528    18
 8.2553    17
 8.2578    16
 8.2603    15
 8.2628    16
 8.2653    26
 8.2678    19
 8.2703    28
 8.2728    19
 8.2753    19
 8.2778    20
 8.2803    16
 8.2828    18
 8.2854    20
 8.2879    22
 8.2904     9
 8.2929    21
 8.2954    20
 8.2979    16
 8.3004    14
 8.3029    17
 8.3054    32
 8.3079    21
 8.3104    22
 8.3129    24
 8.3154    18
 8.3179    10
 8.3204    17
 8.3229    17
 8.3254    19
 8.3279    17
 8.3304    17
 8.3329    18
 8.3354    13
 8.3379    15
 8.3404    18
 8.3429    22
 8.3454    14
 8.3479    15
 8.3504    18
 8.3529    12
 8.3554    17
 8.3579    12
 8.3604    24
 8.3629    14
 8.3654    24
 8.3679    14
 8.3704    14
 8.3729    18
 8.3754    15
 8.3779    12
 8.3804    18
 8.3829    11
 8.3854    10
 8.3879    18
 8.3904    19
 8.3929    16
 8.3954    18
 8.3979     9
 8.4004    12
 8.4029    20
 8.4054    18
 8.4079    20
 8.4104    21
 8.4129    11
 8.4154    18
 8.4179    20
 8.4204    22
 8.4229    20
 8.4254    16
 8.4279    16
 8.4304    12
 8.4329    19
 8.4354    26
 8.4379    20
 8.4404    13
 8.4429    13
 8.4454    11
 8.4479    19
 8.4504    19
 8.4529     6
 8.4554    23
 8.4579    21
 8.4604    15
 8.4629    16
 8.4654    15
 8.4679    13
 8.4704    19
 8.4729    15
 8.4754    16
 8.4779    13
 8.4804    19
 8.4829    24
 8.4854    14
 8.4879    17
 8.4904    17
 8.4929     9
 8.4955    15
  8.498    18
 8.5005    11
  8.503    12
 8.5055    14
  8.508    15
 8.5105    19
  8.513    13
 8.5155    11
  8.518    19
 8.5205    17
  8.523    10
 8.5255    12
  8.528    15
 8.5305    22
  8.533    15
 8.5355    12
  8.538    17
 8.5405    11
  8.543    10
 8.5455    17
  8.548    19
 8.5505    23
  8.553    19
 8.5555    13
  8.558    16
 8.5605     8
  8.563    17
 8.5655    24
  8.568    13
 8.5705    12
  8.573    17
 8.5755    11
  8.578    13
 8.5805    17
  8.583    12
 8.5855    14
  8.588     8
 8.5905    16
  8.593     5
 8.5955    12
  8.598    18
 8.6005    13
  8.603    10
 8.6055    15
  8.608     9
 8.6105    19
  8.613    13
 8.6155    13
  8.618    12
 8.6205    17
  8.623    14
 8.6255    16
  8.628    12
 8.6305     9
  8.633     9
 8.6355    11
  8.638    14
 8.6405    20
  8.643    10
 8.6455     9
  8.648    17
 8.6505    18
  8.653    13
 8.6555    15
  8.658    12
 8.6605    10
  8.663    10
 8.6655    11
  8.668    15
 8.6705    17
  8.673    12
 8.6755    17
  8.678    13
 8.6805    16
  8.683    11
 8.6855    12
  8.688     8
 8.6905    14
  8.693    16
 8.6955    13
  8.698    12
 8.7005    14
 8.7031    17
 8.7056    21
 8.7081    20
 8.7106    17
 8.7131    15
 8.7156    14
 8.7181    10
 8.7206    12
 8.7231    16
 8.7256     7
 8.7281     7
 8.7306    12
 8.7331     8
 8.7356    15
 8.7381    17
 8.7406    16
 8.7431    15
 8.7456    16
 8.7481    12
 8.7506     7
 8.7531    12
 8.7556    13
 8.7581    16
 8.7606    14
 8.7631    15
 8.7656     6
 8.7681    10
 8.7706    16
 8.7731     6
 8.7756    12
 8.7781    15
 8.7806    18
 8.7831     8
 8.7856    15
 8.7881     8
 8.7906    10
 8.7931     6
 8.7956     8
 8.7981    12
 8.8006     9
 8.8031    12
 8.8056    11
 8.8081    12
 8.8106     9
 8.8131     9
 8.8156    10
 8.8181     8
 8.8206    19
 8.8231    12
 8.8256     9
 8.8281    17
 8.8306    16
 8.8331    11
 8.8356    15
 8.8381    10
 8.8406     6
 8.8431    15
 8.8456    12
 8.8481     7
 8.8506     9
 8.8531    13
 8.8556    15
 8.8581    13
 8.8606    18
 8.8631     7
 8.8656     7
 8.8681     8
 8.8706    13
 8.8731    11
 8.8756     7
 8.8781    13
 8.8806    12
 8.8831     9
 8.8856    13
 8.8881     9
 8.8906    14
 8.8931     7
 8.8956    14
 8.8981    11
 8.9006     4
 8.9031    16
 8.9056    21
 8.9081    18
 8.9107     7
 8.9132    12
 8.9157     8
 8.9182    10
 8.9207    10
 8.9232     7
 8.9257    12
 8.9282     4
 8.9307    15
 8.9332     9
 8.9357     8
 8.9382    13
 8.9407    14
 8.9432    12
 8.9457    14
 8.9482     4
 8.9507     8
 8.9532     9
 8.9557     5
 8.9582     7
 8.9607    10
 8.9632    13
 8.9657    11
 8.9682    16
 8.9707    15
 8.9732     8
 8.9757     7
 8.9782     6
 8.9807    13
 8.9832     6
 8.9857    13
 8.9882    14
 8.9907     6
 8.9932    12
 8.9957    10
 8.9982    11
 9.0007     7
 9.0032    10
 9.0057    10
 9.0082    16
 9.0107     6
 9.0132     7
 9.0157    10
 9.0182    11
 9.0207     7
 9.0232    10
 9.0257    14
 9.0282     9
 9.0307     7
 9.0332    12
 9.0357     6
 9.0382     5
 9.0407    10
 9.0432     9
 9.0457    10
 9.0482    10
 9.0507     7
 9.0532    12
 9.0557     6
 9.0582     7
 9.0607     8
 9.0632     5
 9.0657    15
 9.0682     7
 9.0707    11
 9.0732     9
 9.0757     2
 9.0782    13
 9.0807     7
 9.0832    11
 9.0857     9
 9.0882    10
 9.0907    11
 9.0932     9
 9.0957     7
 9.0982    11
 9.1007     7
 9.1032     8
 9.1057     5
 9.1082     7
 9.1107    10
 9.1132     5
 9.1157    14
 9.1182    10
 9.1208    10
 9.1233    12
 9.1258     3
 9.1283    11
 9.1308    10
 9.1333    12
 9.1358     9
 9.1383     7
 9.1408     9
 9.1433    11
 9.1458     9
 9.1483     9
 9.1508     6
 9.1533     5
 9.1558    14
 9.1583    11
 9.1608    14
 9.1633     7
 9.1658     4
 9.1683     6
 9.1708    12
 9.1733     4
 9.1758     2
 9.1783     7
 9.1808     7
 9.1833     8
 9.1858     9
 9.1883     5
 9.1908    10
 9.1933    11
 9.1958     3
 9.1983     3
 9.2008     6
 9.2033     8
 9.2058     8
 9.2083     6
 9.2108    10
 9.2133     5
 9.2158     8
 9.2183     3
 9.2208    10
 9.2233     6
 9.2258     7
 9.2283     5
 9.2308     4
 9.2333     5
 9.2358     8
 9.2383    10
 9.2408    12
 9.2433     7
 9.2458     8
 9.2483     4
 9.2508     6
 9.2533    12
 9.2558     8
 9.2583    14
 9.2608     9
 9.2633     8
 9.2658     5
 9.2683     7
 9.2708    11
 9.2733    15
 9.2758    11
 9.2783     3
 9.2808     7
 9.2833     4
 9.2858     6
 9.2883    12
 9.2908     7
 9.2933     7
 9.2958     8
 9.2983     9
 9.3008     7
 9.3033     8
 9.3058     6
 9.3083    11
 9.3108     2
 9.3133     7
 9.3158     8
 9.3183     6
 9.3208     4
 9.3233    10
 9.3258     4
 9.3284     6
 9.3309     2
 9.3334     5
 9.3359     5
 9.3384     7
 9.3409     5
 9.3434     3
 9.3459     9
 9.3484     5
 9.3509     4
 9.3534     7
 9.3559    12
 9.3584     9
 9.3609     4
 9.3634     5
 9.3659     6
 9.3684     7
 9.3709    10
 9.3734     9
 9.3759     8
 9.3784     6
 9.3809     8
 9.3834     7
 9.3859     4
 9.3884     4
 9.3909     8
 9.3934     6
 9.3959     3
 9.3984     7
 9.4009     6
 9.4034     4
 9.4059     3
 9.4084     2
 9.4109     5
 9.4134     5
 9.4159     6
 9.4184     4
 9.4209     4
 9.4234     5
 9.4259     3
 9.4284     5
 9.4309     6
 9.4334     7
 9.4359     9
 9.4384     5
 9.4409     4
 9.4434     5
 9.4459     3
 9.4484     5
 9.4509     8
 9.4534     5
 9.4559     7
 9.4584     7
 9.4609     9
 9.4634     7
 9.4659     6
 9.4684     8
 9.4709     3
 9.4734     4
 9.4759     5
 9.4784     6
 9.4809     5
 9.4834     2
 9.4859     6
 9.4884     7
 9.4909     4
 9.4934     6
 9.4959     8
 9.4984     4
 9.5009     6
 9.5034     4
 9.5059     4
 9.5084     5
 9.5109     3
 9.5134     7
 9.5159     6
 9.5184     6
 9.5209     2
 9.5234     3
 9.5259     5
 9.5284     5
 9.5309     6
 9.5334     2
  9.536     2
 9.5385     6
  9.541     3
 9.5435     5
  9.546     3
 9.5485     3
  9.551     3
 9.5535     6
  9.556     5
 9.5585     4
  9.561     5
 9.5635     7
  9.566     1
 9.5685     2
  9.571     5
 9.5735     1
  9.576     2
 9.5785     3
  9.581     4
 9.5835     6
  9.586     9
 9.5885     3
  9.591     5
 9.5935     3
  9.596     2
 9.5985     3
  9.601     3
 9.6035     2
  9.606     1
 9.6085     9
  9.611     6
 9.6135     4
  9.616     3
 9.6185     1
  9.621     4
 9.6235     3
  9.626     3
 9.6285     4
  9.631     2
 9.6335     3
  9.636     5
 9.6385     4
  9.641     2
 9.6435     9
  9.646     2
 9.6485     6
  9.651     2
 9.6535     7
  9.656     6
 9.6585     3
  9.661     3
 9.6635     6
  9.666     4
 9.6685     3
  9.671     6
 9.6735     5
  9.676     3
 9.6785     6
  9.681     3
 9.6835     4
  9.686     4
 9.6885     5
  9.691     3
 9.6935     7
  9.696     3
 9.6985     3
  9.701     5
 9.7035     4
  9.706     4
 9.7085     1
  9.711     6
 9.7135     3
  9.716     2
 9.7185     3
  9.721     1
 9.7235     5
  9.726     3
 9.7285     3
  9.731     4
 9.7335     3
  9.736     4
 9.7385     3
  9.741     1
 9.7435     0
 9.7461     4
 9.7486     1
 9.7511     2
 9.7536     1
 9.7561     2
 9.7586     0
 9.7611     3
 9.7636     3
 9.7661     7
 9.7686     1
 9.7711     2
 9.7736     3
 9.7761     3
 9.7786     2
 9.7811     2
 9.7836     3
 9.7861     1
 9.7886     4
 9.7911     0
 9.7936     0
 9.7961     2
 9.7986     3
 9.8011     2
 9.8036     3
 9.8061     4
 9.8086     1
 9.8111     1
 9.8136     2
 9.8161     1
 9.8186     1
 9.8211     0
 9.8236     2
 9.8261     1
 9.8286     0
 9.8311     2
 9.8336     3
 9.8361     0
 9.8386     2
 9.8411     2
 9.8436     0
 9.8461     2
 9.8486     1
 9.8511     1
 9.8536     2
 9.8561     2
 9.8586     1
 9.8611     2
 9.8636     1
 9.8661     3
 9.8686     1
 9.8711     0
 9.8736     4
 9.8761     2
 9.8786     0
 9.8811     3
 9.8836     1
 9.8861     2
 9.8886     1
 9.8911     2
 9.8936     0
 9.8961     0
 9.8986     1
 9.9011     1
 9.9036     1
 9.9061     1
 9.9086     0
 9.9111     2
 9.9136     0
 9.9161     1
 9.9186     0
 9.9211     1
 9.9236     0
 9.9261     0
 9.9286     4
 9.9311     0
 9.9336     0
 9.9361     4
 9.9386     1
 9.9411     0
 9.9436     1
 9.9461     0
 9.9486     0
 9.9511     0
 9.9537     0
 9.9562     0
 9.9587     1
 9.9612     0
 9.9637     0
 9.9662     1
 9.9687     1
 9.9712     0
 9.9737     2
 9.9762     0
 9.9787     2
 9.9812     1
 9.9837     1
 9.9862     0
 9.9887     1
 9.9912     1
 9.9937     1
 9.9962     1
 9.9987     1
10.0012     0
10.0037     1
