Bruker Nano GmbH Berlin, Germany
Esprit 1.9

Datum: 11.09.2015 18:49:33
Real-Zeit: 89206
Life-Zeit: 77094
Impulsdichte: 29854

Primärenergie: 10
Abnahmewinkel: 35
Kippungwinkel: 0
Azimutwinkel: 45

Detektor-Typ: XFlash 6|30
Fenster-Typ: slew AP3.3
Detektordicke: 0.45
Si-Totschicht:0.029

Kalibrierung, lin.: 2.501
Kalibrierung, abs.: -238.74
Mn-FWHM: 123.216
Fano-Faktor: 0.106
Kanäle: 4096

Energie Impulse
-0.2387     0
-0.2362     0
-0.2337     0
-0.2312     0
-0.2287     0
-0.2262     0
-0.2237     0
-0.2212     0
-0.2187     0
-0.2162     0
-0.2137     0
-0.2112     0
-0.2087     0
-0.2062     0
-0.2037     0
-0.2012     0
-0.1987     0
-0.1962     0
-0.1937     0
-0.1912     0
-0.1887     0
-0.1862     0
-0.1837     0
-0.1812     0
-0.1787     0
-0.1762     0
-0.1737     0
-0.1712     0
-0.1687     0
-0.1662     0
-0.1637     0
-0.1612     0
-0.1587     0
-0.1562     0
-0.1537     0
-0.1512     0
-0.1487     0
-0.1462     0
-0.1437     0
-0.1412     0
-0.1387     0
-0.1362     0
-0.1337     0
-0.1312     0
-0.1287     0
-0.1262     0
-0.1237     0
-0.1212     0
-0.1187     0
-0.1162     0
-0.1137     0
-0.1112     0
-0.1087     0
-0.1062     0
-0.1037     0
-0.1012     1
-0.0987     0
-0.0962     0
-0.0937     0
-0.0912     0
-0.0887     0
-0.0862     1
-0.0837     0
-0.0812     0
-0.0787     0
-0.0762     2
-0.0737     8
-0.0712    11
-0.0687     9
-0.0662    23
-0.0637    32
-0.0612    43
-0.0587   103
-0.0562   124
-0.0537   222
-0.0511   350
-0.0486   528
-0.0461   807
-0.0436  1108
-0.0411  1517
-0.0386  2160
-0.0361  2910
-0.0336  3884
-0.0311  5172
-0.0286  6626
-0.0261  8084
-0.0236  9890
-0.0211 11911
-0.0186 14023
-0.0161 16085
-0.0136 18132
-0.0111 20313
-0.0086 21831
-0.0061 22958
-0.0036 24230
-0.0011 24377
 0.0014 24739
 0.0039 23539
 0.0064 22798
 0.0089 21269
 0.0114 19703
 0.0139 17894
 0.0164 15668
 0.0189 13838
 0.0214 11667
 0.0239  9899
 0.0264  7996
 0.0289  6452
 0.0314  5115
 0.0339  3953
 0.0364  2978
 0.0389  2273
 0.0414  1599
 0.0439  1209
 0.0464   932
 0.0489   614
 0.0514   440
 0.0539   302
 0.0564   235
 0.0589   155
 0.0614   122
 0.0639    85
 0.0664    55
 0.0689    55
 0.0714     0
 0.0739     0
 0.0764     0
 0.0789     0
 0.0814     0
 0.0839     0
 0.0864     0
 0.0889     0
 0.0914     0
 0.0939     0
 0.0964     0
 0.0989   175
 0.1014   132
 0.1039    92
 0.1064    42
 0.1089     8
 0.1114     0
 0.1139     0
 0.1164     0
 0.1189     0
 0.1214     0
 0.1239     0
 0.1264     0
 0.1289     0
 0.1314     0
 0.1339     0
 0.1364     0
 0.1389     0
 0.1414     0
 0.1439     0
 0.1464     4
 0.1489     0
 0.1514     0
 0.1539     0
 0.1565     0
  0.159     0
 0.1615    12
  0.164    20
 0.1665    28
  0.169    42
 0.1715    84
  0.174    76
 0.1765    83
  0.179    95
 0.1815   173
  0.184   239
 0.1865   291
  0.189   386
 0.1915   473
  0.194   518
 0.1965   615
  0.199   689
 0.2015   846
  0.204  1028
 0.2065  1287
  0.209  1642
 0.2115  1957
  0.214  2403
 0.2165  2989
  0.219  3692
 0.2215  4629
  0.224  5661
 0.2265  6891
  0.229  8515
 0.2315 10370
  0.234 12566
 0.2365 15147
  0.239 18089
 0.2415 21451
  0.244 25146
 0.2465 29340
  0.249 33939
 0.2515 38859
  0.254 43639
 0.2565 48645
  0.259 53648
 0.2615 58564
  0.264 63136
 0.2665 66997
  0.269 70264
 0.2715 72989
  0.274 74833
 0.2765 75843
  0.279 75683
 0.2815 74669
  0.284 72799
 0.2865 70200
  0.289 66803
 0.2915 62426
  0.294 57803
 0.2965 52894
  0.299 47555
 0.3015 42456
  0.304 37330
 0.3065 32312
  0.309 27590
 0.3115 23267
  0.314 19397
 0.3165 15976
  0.319 13034
 0.3215 10398
  0.324  8332
 0.3265  6637
  0.329  5185
 0.3315  4015
  0.334  3105
 0.3365  2413
  0.339  1872
 0.3415  1437
  0.344  1115
 0.3465   886
  0.349   715
 0.3515   624
  0.354   528
 0.3565   480
  0.359   455
 0.3615   439
  0.364   413
 0.3666   382
 0.3691   388
 0.3716   394
 0.3741   367
 0.3766   381
 0.3791   338
 0.3816   346
 0.3841   356
 0.3866   329
 0.3891   347
 0.3916   358
 0.3941   365
 0.3966   354
 0.3991   359
 0.4016   357
 0.4041   336
 0.4066   344
 0.4091   358
 0.4116   346
 0.4141   337
 0.4166   334
 0.4191   332
 0.4216   347
 0.4241   338
 0.4266   339
 0.4291   339
 0.4316   359
 0.4341   351
 0.4366   352
 0.4391   367
 0.4416   369
 0.4441   367
 0.4466   384
 0.4491   371
 0.4516   367
 0.4541   417
 0.4566   457
 0.4591   463
 0.4616   480
 0.4641   517
 0.4666   555
 0.4691   598
 0.4716   665
 0.4741   745
 0.4766   829
 0.4791   897
 0.4816  1006
 0.4841  1113
 0.4866  1287
 0.4891  1448
 0.4916  1546
 0.4941  1719
 0.4966  1920
 0.4991  2088
 0.5016  2287
 0.5041  2443
 0.5066  2652
 0.5091  2800
 0.5116  2928
 0.5141  3175
 0.5166  3226
 0.5191  3322
 0.5216  3394
 0.5241  3504
 0.5266  3452
 0.5291  3443
 0.5316  3431
 0.5341  3436
 0.5366  3333
 0.5391  3114
 0.5416  2934
 0.5441  2739
 0.5466  2621
 0.5491  2380
 0.5516  2178
 0.5541  2024
 0.5566  1797
 0.5591  1665
 0.5616  1486
 0.5641  1297
 0.5666  1165
 0.5691  1023
 0.5716   939
 0.5742   864
 0.5767   707
 0.5792   665
 0.5817   613
 0.5842   522
 0.5867   464
 0.5892   500
 0.5917   420
 0.5942   415
 0.5967   387
 0.5992   363
 0.6017   381
 0.6042   359
 0.6067   370
 0.6092   405
 0.6117   421
 0.6142   384
 0.6167   409
 0.6192   444
 0.6217   454
 0.6242   513
 0.6267   557
 0.6292   605
 0.6317   676
 0.6342   696
 0.6367   810
 0.6392   876
 0.6417   896
 0.6442  1039
 0.6467  1130
 0.6492  1174
 0.6517  1332
 0.6542  1422
 0.6567  1558
 0.6592  1668
 0.6617  1776
 0.6642  1849
 0.6667  1873
 0.6692  1976
 0.6717  2138
 0.6742  2048
 0.6767  2176
 0.6792  2064
 0.6817  2120
 0.6842  2149
 0.6867  2109
 0.6892  2057
 0.6917  1960
 0.6942  1833
 0.6967  1782
 0.6992  1659
 0.7017  1571
 0.7042  1403
 0.7067  1427
 0.7092  1271
 0.7117  1188
 0.7142  1039
 0.7167   946
 0.7192   909
 0.7217   852
 0.7242   747
 0.7267   660
 0.7292   647
 0.7317   575
 0.7342   571
 0.7367   547
 0.7392   497
 0.7417   441
 0.7442   418
 0.7467   407
 0.7492   451
 0.7517   418
 0.7542   425
 0.7567   384
 0.7592   390
 0.7617   383
 0.7642   407
 0.7667   411
 0.7692   370
 0.7717   384
 0.7742   427
 0.7767   390
 0.7792   395
 0.7818   400
 0.7843   389
 0.7868   376
 0.7893   388
 0.7918   380
 0.7943   381
 0.7968   381
 0.7993   375
 0.8018   386
 0.8043   411
 0.8068   410
 0.8093   390
 0.8118   382
 0.8143   362
 0.8168   377
 0.8193   393
 0.8218   396
 0.8243   379
 0.8268   411
 0.8293   413
 0.8318   389
 0.8343   385
 0.8368   372
 0.8393   407
 0.8418   396
 0.8443   381
 0.8468   398
 0.8493   391
 0.8518   369
 0.8543   401
 0.8568   416
 0.8593   361
 0.8618   413
 0.8643   407
 0.8668   391
 0.8693   396
 0.8718   385
 0.8743   359
 0.8768   417
 0.8793   376
 0.8818   391
 0.8843   389
 0.8868   397
 0.8893   418
 0.8918   385
 0.8943   394
 0.8968   383
 0.8993   378
 0.9018   432
 0.9043   404
 0.9068   420
 0.9093   449
 0.9118   425
 0.9143   444
 0.9168   407
 0.9193   417
 0.9218   450
 0.9243   444
 0.9268   459
 0.9293   430
 0.9318   435
 0.9343   449
 0.9368   443
 0.9393   463
 0.9418   493
 0.9443   463
 0.9468   463
 0.9493   462
 0.9518   413
 0.9543   408
 0.9568   428
 0.9593   485
 0.9618   446
 0.9643   448
 0.9668   458
 0.9693   414
 0.9718   442
 0.9743   448
 0.9768   432
 0.9793   393
 0.9818   430
 0.9843   434
 0.9868   398
 0.9893   387
 0.9919   419
 0.9944   468
 0.9969   418
 0.9994   430
 1.0019   396
 1.0044   407
 1.0069   416
 1.0094   420
 1.0119   404
 1.0144   398
 1.0169   445
 1.0194   426
 1.0219   415
 1.0244   430
 1.0269   400
 1.0294   437
 1.0319   462
 1.0344   460
 1.0369   445
 1.0394   443
 1.0419   448
 1.0444   477
 1.0469   436
 1.0494   470
 1.0519   456
 1.0544   465
 1.0569   466
 1.0594   449
 1.0619   464
 1.0644   430
 1.0669   433
 1.0694   456
 1.0719   443
 1.0744   417
 1.0769   410
 1.0794   419
 1.0819   408
 1.0844   461
 1.0869   400
 1.0894   402
 1.0919   445
 1.0944   420
 1.0969   374
 1.0994   401
 1.1019   396
 1.1044   383
 1.1069   438
 1.1094   392
 1.1119   433
 1.1144   395
 1.1169   429
 1.1194   441
 1.1219   431
 1.1244   460
 1.1269   432
 1.1294   464
 1.1319   503
 1.1344   508
 1.1369   546
 1.1394   591
 1.1419   598
 1.1444   627
 1.1469   718
 1.1494   718
 1.1519   787
 1.1544   846
 1.1569   901
 1.1594   965
 1.1619   979
 1.1644  1081
 1.1669  1192
 1.1694  1196
 1.1719  1199
 1.1744  1267
 1.1769  1388
 1.1794  1463
 1.1819  1523
 1.1844  1477
 1.1869  1571
 1.1894  1596
 1.1919  1576
 1.1944  1649
 1.1969  1666
 1.1995  1749
  1.202  1735
 1.2045  1701
  1.207  1655
 1.2095  1610
  1.212  1608
 1.2145  1590
  1.217  1491
 1.2195  1445
  1.222  1449
 1.2245  1363
  1.227  1229
 1.2295  1174
  1.232  1187
 1.2345  1155
  1.237  1116
 1.2395  1087
  1.242   996
 1.2445   955
  1.247   869
 1.2495   820
  1.252   795
 1.2545   766
  1.257   705
 1.2595   650
  1.262   597
 1.2645   577
  1.267   575
 1.2695   526
  1.272   489
 1.2745   495
  1.277   455
 1.2795   463
  1.282   433
 1.2845   408
  1.287   419
 1.2895   385
  1.292   372
 1.2945   416
  1.297   394
 1.2995   353
  1.302   360
 1.3045   383
  1.307   383
 1.3095   341
  1.312   329
 1.3145   372
  1.317   377
 1.3195   353
  1.322   351
 1.3245   336
  1.327   321
 1.3295   340
  1.332   337
 1.3345   339
  1.337   336
 1.3395   325
  1.342   309
 1.3445   320
  1.347   310
 1.3495   341
  1.352   347
 1.3545   332
  1.357   334
 1.3595   309
  1.362   309
 1.3645   324
  1.367   343
 1.3695   331
  1.372   299
 1.3745   324
  1.377   343
 1.3795   336
  1.382   340
 1.3845   326
  1.387   337
 1.3895   321
  1.392   328
 1.3945   329
  1.397   336
 1.3995   316
  1.402   341
 1.4045   354
 1.4071   347
 1.4096   376
 1.4121   362
 1.4146   352
 1.4171   390
 1.4196   411
 1.4221   408
 1.4246   433
 1.4271   477
 1.4296   528
 1.4321   560
 1.4346   574
 1.4371   619
 1.4396   656
 1.4421   681
 1.4446   742
 1.4471   809
 1.4496   840
 1.4521   865
 1.4546   922
 1.4571  1004
 1.4596  1067
 1.4621  1144
 1.4646  1224
 1.4671  1282
 1.4696  1314
 1.4721  1337
 1.4746  1365
 1.4771  1424
 1.4796  1464
 1.4821  1505
 1.4846  1510
 1.4871  1502
 1.4896  1500
 1.4921  1484
 1.4946  1493
 1.4971  1500
 1.4996  1476
 1.5021  1456
 1.5046  1390
 1.5071  1322
 1.5096  1251
 1.5121  1176
 1.5146  1145
 1.5171  1115
 1.5196  1061
 1.5221   975
 1.5246   944
 1.5271   885
 1.5296   816
 1.5321   760
 1.5346   687
 1.5371   634
 1.5396   601
 1.5421   570
 1.5446   553
 1.5471   522
 1.5496   491
 1.5521   463
 1.5546   425
 1.5571   418
 1.5596   397
 1.5621   357
 1.5646   353
 1.5671   349
 1.5696   344
 1.5721   335
 1.5746   317
 1.5771   296
 1.5796   298
 1.5821   297
 1.5846   272
 1.5871   274
 1.5896   317
 1.5921   303
 1.5946   273
 1.5971   269
 1.5996   261
 1.6021   263
 1.6046   263
 1.6071   266
 1.6096   260
 1.6121   254
 1.6146   242
 1.6172   245
 1.6197   243
 1.6222   249
 1.6247   260
 1.6272   260
 1.6297   240
 1.6322   237
 1.6347   243
 1.6372   243
 1.6397   252
 1.6422   261
 1.6447   247
 1.6472   250
 1.6497   256
 1.6522   251
 1.6547   241
 1.6572   251
 1.6597   279
 1.6622   265
 1.6647   262
 1.6672   230
 1.6697   249
 1.6722   256
 1.6747   237
 1.6772   236
 1.6797   241
 1.6822   245
 1.6847   258
 1.6872   254
 1.6897   243
 1.6922   248
 1.6947   270
 1.6972   248
 1.6997   233
 1.7022   231
 1.7047   254
 1.7072   255
 1.7097   244
 1.7122   272
 1.7147   267
 1.7172   264
 1.7197   278
 1.7222   288
 1.7247   276
 1.7272   274
 1.7297   277
 1.7322   267
 1.7347   248
 1.7372   278
 1.7397   272
 1.7422   268
 1.7447   249
 1.7472   256
 1.7497   284
 1.7522   272
 1.7547   271
 1.7572   263
 1.7597   277
 1.7622   277
 1.7647   253
 1.7672   262
 1.7697   280
 1.7722   258
 1.7747   274
 1.7772   263
 1.7797   263
 1.7822   271
 1.7847   249
 1.7872   240
 1.7897   249
 1.7922   237
 1.7947   236
 1.7972   250
 1.7997   229
 1.8022   250
 1.8047   239
 1.8072   228
 1.8097   255
 1.8122   212
 1.8147   223
 1.8172   238
 1.8197   231
 1.8222   214
 1.8248   223
 1.8273   215
 1.8298   217
 1.8323   185
 1.8348   224
 1.8373   221
 1.8398   251
 1.8423   216
 1.8448   230
 1.8473   216
 1.8498   221
 1.8523   225
 1.8548   209
 1.8573   217
 1.8598   224
 1.8623   221
 1.8648   243
 1.8673   215
 1.8698   207
 1.8723   220
 1.8748   204
 1.8773   236
 1.8798   211
 1.8823   200
 1.8848   192
 1.8873   216
 1.8898   211
 1.8923   212
 1.8948   191
 1.8973   214
 1.8998   224
 1.9023   221
 1.9048   205
 1.9073   245
 1.9098   212
 1.9123   225
 1.9148   209
 1.9173   232
 1.9198   230
 1.9223   240
 1.9248   251
 1.9273   240
 1.9298   254
 1.9323   287
 1.9348   283
 1.9373   294
 1.9398   292
 1.9423   326
 1.9448   340
 1.9473   380
 1.9498   400
 1.9523   419
 1.9548   434
 1.9573   442
 1.9598   471
 1.9623   542
 1.9648   552
 1.9673   585
 1.9698   674
 1.9723   710
 1.9748   726
 1.9773   727
 1.9798   790
 1.9823   874
 1.9848   941
 1.9873   918
 1.9898  1006
 1.9923  1014
 1.9948  1023
 1.9973  1045
 1.9998  1107
 2.0023  1186
 2.0048  1184
 2.0073  1190
 2.0098  1225
 2.0123  1187
 2.0148  1214
 2.0173  1265
 2.0198  1304
 2.0223  1172
 2.0248  1212
 2.0273  1163
 2.0298  1106
 2.0324  1081
 2.0349  1076
 2.0374  1027
 2.0399  1009
 2.0424   931
 2.0449   914
 2.0474   862
 2.0499   795
 2.0524   773
 2.0549   684
 2.0574   684
 2.0599   639
 2.0624   555
 2.0649   563
 2.0674   517
 2.0699   476
 2.0724   473
 2.0749   435
 2.0774   429
 2.0799   391
 2.0824   387
 2.0849   376
 2.0874   332
 2.0899   341
 2.0924   306
 2.0949   298
 2.0974   290
 2.0999   276
 2.1024   296
 2.1049   296
 2.1074   284
 2.1099   294
 2.1124   301
 2.1149   277
 2.1174   294
 2.1199   283
 2.1224   283
 2.1249   266
 2.1274   243
 2.1299   259
 2.1324   250
 2.1349   260
 2.1374   260
 2.1399   247
 2.1424   258
 2.1449   254
 2.1474   259
 2.1499   252
 2.1524   256
 2.1549   255
 2.1574   268
 2.1599   267
 2.1624   251
 2.1649   238
 2.1674   233
 2.1699   220
 2.1724   239
 2.1749   241
 2.1774   226
 2.1799   234
 2.1824   219
 2.1849   208
 2.1874   203
 2.1899   226
 2.1924   216
 2.1949   225
 2.1974   221
 2.1999   208
 2.2024   217
 2.2049   205
 2.2074   196
 2.2099   203
 2.2124   195
 2.2149   200
 2.2174   202
 2.2199   187
 2.2224   185
 2.2249   195
 2.2274   188
 2.2299   206
 2.2324   188
 2.2349   188
 2.2374   180
 2.2399   174
 2.2425   183
  2.245   178
 2.2475   179
   2.25   176
 2.2525   185
  2.255   189
 2.2575   185
   2.26   188
 2.2625   196
  2.265   180
 2.2675   180
   2.27   181
 2.2725   170
  2.275   164
 2.2775   170
   2.28   164
 2.2825   178
  2.285   189
 2.2875   173
   2.29   167
 2.2925   180
  2.295   188
 2.2975   169
    2.3   168
 2.3025   171
  2.305   177
 2.3075   177
   2.31   164
 2.3125   162
  2.315   154
 2.3175   154
   2.32   168
 2.3225   185
  2.325   184
 2.3275   169
   2.33   171
 2.3325   175
  2.335   169
 2.3375   165
   2.34   158
 2.3425   162
  2.345   172
 2.3475   166
   2.35   155
 2.3525   154
  2.355   155
 2.3575   157
   2.36   159
 2.3625   163
  2.365   170
 2.3675   174
   2.37   167
 2.3725   146
  2.375   151
 2.3775   153
   2.38   147
 2.3825   154
  2.385   151
 2.3875   138
   2.39   144
 2.3925   160
  2.395   162
 2.3975   165
    2.4   156
 2.4025   148
  2.405   151
 2.4075   149
   2.41   159
 2.4125   175
  2.415   165
 2.4175   153
   2.42   137
 2.4225   143
  2.425   151
 2.4275   144
   2.43   144
 2.4325   148
  2.435   149
 2.4375   143
   2.44   140
 2.4425   146
  2.445   159
 2.4475   146
 2.4501   137
 2.4526   138
 2.4551   137
 2.4576   142
 2.4601   149
 2.4626   150
 2.4651   138
 2.4676   136
 2.4701   137
 2.4726   139
 2.4751   137
 2.4776   154
 2.4801   145
 2.4826   130
 2.4851   141
 2.4876   137
 2.4901   149
 2.4926   155
 2.4951   149
 2.4976   143
 2.5001   142
 2.5026   146
 2.5051   137
 2.5076   134
 2.5101   142
 2.5126   136
 2.5151   130
 2.5176   138
 2.5201   142
 2.5226   158
 2.5251   151
 2.5276   125
 2.5301   113
 2.5326   131
 2.5351   146
 2.5376   136
 2.5401   129
 2.5426   137
 2.5451   154
 2.5476   134
 2.5501   130
 2.5526   131
 2.5551   131
 2.5576   143
 2.5601   138
 2.5626   147
 2.5651   161
 2.5676   135
 2.5701   137
 2.5726   129
 2.5751   138
 2.5776   122
 2.5801   126
 2.5826   135
 2.5851   145
 2.5876   131
 2.5901   137
 2.5926   154
 2.5951   155
 2.5976   141
 2.6001   133
 2.6026   137
 2.6051   144
 2.6076   132
 2.6101   129
 2.6126   144
 2.6151   142
 2.6176   131
 2.6201   129
 2.6226   129
 2.6251   120
 2.6276   130
 2.6301   149
 2.6326   142
 2.6351   159
 2.6376   130
 2.6401   118
 2.6426   147
 2.6451   132
 2.6476   132
 2.6501   134
 2.6526   124
 2.6551   141
 2.6577   130
 2.6602   120
 2.6627   136
 2.6652   149
 2.6677   141
 2.6702   145
 2.6727   131
 2.6752   149
 2.6777   136
 2.6802   145
 2.6827   134
 2.6852   120
 2.6877   138
 2.6902   129
 2.6927   130
 2.6952   143
 2.6977   140
 2.7002   117
 2.7027   110
 2.7052   141
 2.7077   131
 2.7102   132
 2.7127   107
 2.7152   125
 2.7177   125
 2.7202   135
 2.7227   133
 2.7252   126
 2.7277   120
 2.7302   124
 2.7327   131
 2.7352   124
 2.7377   122
 2.7402   134
 2.7427   124
 2.7452   132
 2.7477   122
 2.7502   124
 2.7527   137
 2.7552   132
 2.7577   153
 2.7602    96
 2.7627   119
 2.7652   120
 2.7677   124
 2.7702    98
 2.7727   112
 2.7752   120
 2.7777   120
 2.7802   118
 2.7827   125
 2.7852   122
 2.7877   117
 2.7902   124
 2.7927   104
 2.7952   119
 2.7977   118
 2.8002   126
 2.8027   126
 2.8052   103
 2.8077   109
 2.8102    96
 2.8127   120
 2.8152   123
 2.8177   105
 2.8202   119
 2.8227   147
 2.8252   111
 2.8277   109
 2.8302   114
 2.8327    94
 2.8352   110
 2.8377   108
 2.8402   117
 2.8427   112
 2.8452   119
 2.8477   125
 2.8502   104
 2.8527   114
 2.8552   119
 2.8577   131
 2.8602   104
 2.8627   110
 2.8652   116
 2.8678   109
 2.8703   114
 2.8728   126
 2.8753   116
 2.8778   103
 2.8803   118
 2.8828    95
 2.8853   116
 2.8878   119
 2.8903   106
 2.8928   115
 2.8953   123
 2.8978   120
 2.9003   114
 2.9028   124
 2.9053   110
 2.9078   125
 2.9103   123
 2.9128   120
 2.9153   104
 2.9178   108
 2.9203   117
 2.9228   114
 2.9253   110
 2.9278   112
 2.9303   101
 2.9328   127
 2.9353   120
 2.9378   111
 2.9403   106
 2.9428   116
 2.9453   117
 2.9478   112
 2.9503   115
 2.9528   131
 2.9553   124
 2.9578   128
 2.9603   117
 2.9628   118
 2.9653   114
 2.9678   125
 2.9703   119
 2.9728   138
 2.9753   119
 2.9778   104
 2.9803   105
 2.9828   115
 2.9853   117
 2.9878   109
 2.9903   116
 2.9928   123
 2.9953   113
 2.9978   116
 3.0003   117
 3.0028   110
 3.0053   112
 3.0078   110
 3.0103   112
 3.0128   113
 3.0153   118
 3.0178   114
 3.0203   119
 3.0228   106
 3.0253   114
 3.0278   115
 3.0303   101
 3.0328   110
 3.0353   120
 3.0378   115
 3.0403   105
 3.0428   100
 3.0453   105
 3.0478    95
 3.0503    98
 3.0528   111
 3.0553   121
 3.0578   123
 3.0603   120
 3.0628   104
 3.0653   102
 3.0678   105
 3.0703    99
 3.0728    86
 3.0754   104
 3.0779   104
 3.0804    90
 3.0829    99
 3.0854   112
 3.0879   102
 3.0904    97
 3.0929   107
 3.0954    99
 3.0979   102
 3.1004   102
 3.1029    97
 3.1054   103
 3.1079   117
 3.1104   113
 3.1129   104
 3.1154   101
 3.1179   103
 3.1204   100
 3.1229    95
 3.1254    97
 3.1279    95
 3.1304    98
 3.1329   104
 3.1354   102
 3.1379   107
 3.1404   109
 3.1429   105
 3.1454   103
 3.1479    92
 3.1504   101
 3.1529   101
 3.1554    87
 3.1579    97
 3.1604   102
 3.1629   105
 3.1654   109
 3.1679    99
 3.1704    92
 3.1729    97
 3.1754   104
 3.1779   100
 3.1804    98
 3.1829   106
 3.1854   101
 3.1879    96
 3.1904   100
 3.1929    96
 3.1954    95
 3.1979   100
 3.2004   104
 3.2029   118
 3.2054   110
 3.2079   100
 3.2104    95
 3.2129    98
 3.2154    99
 3.2179   101
 3.2204    99
 3.2229   102
 3.2254    90
 3.2279    79
 3.2304    90
 3.2329    91
 3.2354    95
 3.2379    95
 3.2404   102
 3.2429    99
 3.2454    97
 3.2479    95
 3.2504    90
 3.2529    93
 3.2554   107
 3.2579   111
 3.2604    95
 3.2629    98
 3.2654    88
 3.2679    75
 3.2704    85
 3.2729    92
 3.2754    88
 3.2779    82
 3.2804    87
  3.283    78
 3.2855    78
  3.288    95
 3.2905    87
  3.293    88
 3.2955    95
  3.298    86
 3.3005    88
  3.303    99
 3.3055    83
  3.308    94
 3.3105   103
  3.313   100
 3.3155    89
  3.318    88
 3.3205    92
  3.323    84
 3.3255    88
  3.328    85
 3.3305    84
  3.333    91
 3.3355    91
  3.338    92
 3.3405    92
  3.343    87
 3.3455    88
  3.348    84
 3.3505    88
  3.353    95
 3.3555    92
  3.358    80
 3.3605    82
  3.363    86
 3.3655    84
  3.368    90
 3.3705    87
  3.373    79
 3.3755    83
  3.378    85
 3.3805    84
  3.383    86
 3.3855    90
  3.388    94
 3.3905    83
  3.393    76
 3.3955    96
  3.398   100
 3.4005    83
  3.403    80
 3.4055    77
  3.408    76
 3.4105    83
  3.413    86
 3.4155    81
  3.418    74
 3.4205    76
  3.423    86
 3.4255    91
  3.428    87
 3.4305    79
  3.433    80
 3.4355    82
  3.438    76
 3.4405    79
  3.443    81
 3.4455    81
  3.448    86
 3.4505    92
  3.453    95
 3.4555    86
  3.458    86
 3.4605    81
  3.463    77
 3.4655    79
  3.468    83
 3.4705    88
  3.473    86
 3.4755    92
  3.478    87
 3.4805    83
  3.483    76
 3.4855    80
  3.488    85
 3.4905    72
 3.4931    70
 3.4956    68
 3.4981    62
 3.5006    78
 3.5031    89
 3.5056    78
 3.5081    83
 3.5106    93
 3.5131    83
 3.5156    74
 3.5181    82
 3.5206    85
 3.5231    81
 3.5256    83
 3.5281    76
 3.5306    71
 3.5331    76
 3.5356    85
 3.5381    86
 3.5406    86
 3.5431    86
 3.5456    71
 3.5481    66
 3.5506    79
 3.5531    90
 3.5556    89
 3.5581    78
 3.5606    86
 3.5631    88
 3.5656    75
 3.5681    75
 3.5706    78
 3.5731    76
 3.5756    74
 3.5781    77
 3.5806    74
 3.5831    70
 3.5856    66
 3.5881    83
 3.5906    83
 3.5931    85
 3.5956    77
 3.5981    74
 3.6006    70
 3.6031    66
 3.6056    76
 3.6081    86
 3.6106    76
 3.6131    70
 3.6156    75
 3.6181    75
 3.6206    75
 3.6231    69
 3.6256    84
 3.6281    79
 3.6306    70
 3.6331    76
 3.6356    88
 3.6381    81
 3.6406    75
 3.6431    81
 3.6456    90
 3.6481    78
 3.6506    85
 3.6531    84
 3.6556    85
 3.6581    81
 3.6606    86
 3.6631    84
 3.6656    80
 3.6681    72
 3.6706    88
 3.6731    76
 3.6756    75
 3.6781    70
 3.6806    83
 3.6831    73
 3.6856    73
 3.6881    75
 3.6906    76
 3.6931    76
 3.6956    73
 3.6981    79
 3.7007    77
 3.7032    77
 3.7057    77
 3.7082    77
 3.7107    79
 3.7132    91
 3.7157    84
 3.7182    74
 3.7207    72
 3.7232    75
 3.7257    61
 3.7282    70
 3.7307    78
 3.7332    62
 3.7357    64
 3.7382    82
 3.7407    84
 3.7432    67
 3.7457    83
 3.7482    78
 3.7507    77
 3.7532    72
 3.7557    73
 3.7582    67
 3.7607    69
 3.7632    73
 3.7657    76
 3.7682    81
 3.7707    66
 3.7732    70
 3.7757    72
 3.7782    73
 3.7807    65
 3.7832    88
 3.7857    79
 3.7882    69
 3.7907    71
 3.7932    72
 3.7957    83
 3.7982    68
 3.8007    82
 3.8032    70
 3.8057    81
 3.8082    77
 3.8107    74
 3.8132    69
 3.8157    63
 3.8182    63
 3.8207    72
 3.8232    68
 3.8257    74
 3.8282    84
 3.8307    74
 3.8332    69
 3.8357    83
 3.8382    78
 3.8407    66
 3.8432    66
 3.8457    56
 3.8482    70
 3.8507    68
 3.8532    76
 3.8557    63
 3.8582    64
 3.8607    66
 3.8632    70
 3.8657    72
 3.8682    60
 3.8707    65
 3.8732    80
 3.8757    53
 3.8782    78
 3.8807    53
 3.8832    72
 3.8857    77
 3.8882    65
 3.8907    84
 3.8932    52
 3.8957    76
 3.8982    73
 3.9007    88
 3.9032    74
 3.9057    63
 3.9083    61
 3.9108    75
 3.9133    78
 3.9158    80
 3.9183    62
 3.9208    80
 3.9233    65
 3.9258    72
 3.9283    58
 3.9308    82
 3.9333    55
 3.9358    64
 3.9383    69
 3.9408    62
 3.9433    70
 3.9458    65
 3.9483    67
 3.9508    75
 3.9533    54
 3.9558    70
 3.9583    61
 3.9608    74
 3.9633    69
 3.9658    62
 3.9683    76
 3.9708    76
 3.9733    54
 3.9758    63
 3.9783    67
 3.9808    60
 3.9833    80
 3.9858    60
 3.9883    67
 3.9908    71
 3.9933    71
 3.9958    65
 3.9983    70
 4.0008    70
 4.0033    66
 4.0058    59
 4.0083    62
 4.0108    61
 4.0133    71
 4.0158    64
 4.0183    59
 4.0208    69
 4.0233    74
 4.0258    73
 4.0283    69
 4.0308    56
 4.0333    70
 4.0358    63
 4.0383    63
 4.0408    63
 4.0433    62
 4.0458    58
 4.0483    59
 4.0508    61
 4.0533    52
 4.0558    69
 4.0583    53
 4.0608    51
 4.0633    57
 4.0658    72
 4.0683    60
 4.0708    57
 4.0733    57
 4.0758    66
 4.0783    54
 4.0808    64
 4.0833    60
 4.0858    74
 4.0883    60
 4.0908    73
 4.0933    62
 4.0958    53
 4.0983    57
 4.1008    61
 4.1033    57
 4.1058    59
 4.1083    48
 4.1108    60
 4.1133    53
 4.1158    62
 4.1184    57
 4.1209    54
 4.1234    45
 4.1259    45
 4.1284    63
 4.1309    59
 4.1334    57
 4.1359    59
 4.1384    54
 4.1409    64
 4.1434    67
 4.1459    68
 4.1484    65
 4.1509    62
 4.1534    64
 4.1559    51
 4.1584    59
 4.1609    58
 4.1634    53
 4.1659    61
 4.1684    63
 4.1709    60
 4.1734    47
 4.1759    57
 4.1784    51
 4.1809    50
 4.1834    62
 4.1859    63
 4.1884    58
 4.1909    60
 4.1934    66
 4.1959    68
 4.1984    63
 4.2009    58
 4.2034    61
 4.2059    58
 4.2084    58
 4.2109    56
 4.2134    59
 4.2159    60
 4.2184    59
 4.2209    56
 4.2234    53
 4.2259    54
 4.2284    52
 4.2309    58
 4.2334    48
 4.2359    49
 4.2384    55
 4.2409    64
 4.2434    59
 4.2459    58
 4.2484    50
 4.2509    49
 4.2534    53
 4.2559    58
 4.2584    54
 4.2609    59
 4.2634    53
 4.2659    51
 4.2684    57
 4.2709    58
 4.2734    57
 4.2759    54
 4.2784    49
 4.2809    47
 4.2834    58
 4.2859    65
 4.2884    58
 4.2909    55
 4.2934    53
 4.2959    51
 4.2984    54
 4.3009    53
 4.3034    52
 4.3059    54
 4.3084    61
 4.3109    59
 4.3134    59
 4.3159    68
 4.3184    63
 4.3209    52
 4.3234    50
  4.326    46
 4.3285    46
  4.331    53
 4.3335    53
  4.336    47
 4.3385    47
  4.341    55
 4.3435    62
  4.346    55
 4.3485    49
  4.351    50
 4.3535    51
  4.356    61
 4.3585    59
  4.361    58
 4.3635    59
  4.366    54
 4.3685    57
  4.371    57
 4.3735    47
  4.376    44
 4.3785    50
  4.381    56
 4.3835    60
  4.386    59
 4.3885    54
  4.391    51
 4.3935    53
  4.396    49
 4.3985    50
  4.401    57
 4.4035    62
  4.406    54
 4.4085    48
  4.411    54
 4.4135    57
  4.416    55
 4.4185    54
  4.421    52
 4.4235    43
  4.426    50
 4.4285    57
  4.431    51
 4.4335    56
  4.436    66
 4.4385    64
  4.441    57
 4.4435    53
  4.446    49
 4.4485    48
  4.451    53
 4.4535    55
  4.456    56
 4.4585    50
  4.461    42
 4.4635    46
  4.466    47
 4.4685    55
  4.471    58
 4.4735    51
  4.476    53
 4.4785    55
  4.481    47
 4.4835    44
  4.486    46
 4.4885    51
  4.491    56
 4.4935    58
  4.496    61
 4.4985    57
  4.501    49
 4.5035    47
  4.506    46
 4.5085    44
  4.511    50
 4.5135    48
  4.516    47
 4.5185    53
  4.521    54
 4.5235    49
  4.526    53
 4.5285    49
  4.531    48
 4.5336    53
 4.5361    48
 4.5386    44
 4.5411    43
 4.5436    46
 4.5461    43
 4.5486    43
 4.5511    43
 4.5536    48
 4.5561    49
 4.5586    44
 4.5611    52
 4.5636    50
 4.5661    51
 4.5686    50
 4.5711    59
 4.5736    53
 4.5761    45
 4.5786    46
 4.5811    41
 4.5836    47
 4.5861    47
 4.5886    54
 4.5911    56
 4.5936    45
 4.5961    54
 4.5986    53
 4.6011    46
 4.6036    41
 4.6061    39
 4.6086    42
 4.6111    61
 4.6136    52
 4.6161    40
 4.6186    46
 4.6211    46
 4.6236    50
 4.6261    54
 4.6286    49
 4.6311    41
 4.6336    49
 4.6361    58
 4.6386    51
 4.6411    49
 4.6436    45
 4.6461    51
 4.6486    57
 4.6511    53
 4.6536    41
 4.6561    49
 4.6586    45
 4.6611    42
 4.6636    48
 4.6661    50
 4.6686    43
 4.6711    40
 4.6736    44
 4.6761    40
 4.6786    51
 4.6811    48
 4.6836    46
 4.6861    58
 4.6886    53
 4.6911    47
 4.6936    48
 4.6961    50
 4.6986    48
 4.7011    45
 4.7036    45
 4.7061    53
 4.7086    54
 4.7111    50
 4.7136    42
 4.7161    46
 4.7186    46
 4.7211    36
 4.7236    47
 4.7261    47
 4.7286    38
 4.7311    44
 4.7336    43
 4.7361    51
 4.7386    54
 4.7411    53
 4.7437    46
 4.7462    47
 4.7487    44
 4.7512    44
 4.7537    47
 4.7562    48
 4.7587    40
 4.7612    36
 4.7637    40
 4.7662    47
 4.7687    48
 4.7712    57
 4.7737    41
 4.7762    37
 4.7787    45
 4.7812    41
 4.7837    43
 4.7862    49
 4.7887    39
 4.7912    45
 4.7937    55
 4.7962    45
 4.7987    39
 4.8012    37
 4.8037    37
 4.8062    45
 4.8087    44
 4.8112    44
 4.8137    44
 4.8162    52
 4.8187    40
 4.8212    51
 4.8237    34
 4.8262    47
 4.8287    47
 4.8312    49
 4.8337    45
 4.8362    37
 4.8387    55
 4.8412    39
 4.8437    36
 4.8462    44
 4.8487    47
 4.8512    44
 4.8537    45
 4.8562    50
 4.8587    45
 4.8612    44
 4.8637    41
 4.8662    36
 4.8687    34
 4.8712    44
 4.8737    44
 4.8762    34
 4.8787    52
 4.8812    35
 4.8837    30
 4.8862    48
 4.8887    49
 4.8912    50
 4.8937    42
 4.8962    41
 4.8987    43
 4.9012    44
 4.9037    40
 4.9062    41
 4.9087    45
 4.9112    36
 4.9137    47
 4.9162    24
 4.9187    44
 4.9212    44
 4.9237    33
 4.9262    34
 4.9287    48
 4.9312    41
 4.9337    29
 4.9362    39
 4.9387    30
 4.9412    37
 4.9437    31
 4.9462    35
 4.9487    47
 4.9513    43
 4.9538    45
 4.9563    34
 4.9588    43
 4.9613    27
 4.9638    39
 4.9663    48
 4.9688    44
 4.9713    43
 4.9738    45
 4.9763    44
 4.9788    36
 4.9813    45
 4.9838    36
 4.9863    41
 4.9888    39
 4.9913    54
 4.9938    39
 4.9963    29
 4.9988    44
 5.0013    46
 5.0038    44
 5.0063    41
 5.0088    32
 5.0113    41
 5.0138    39
 5.0163    38
 5.0188    47
 5.0213    44
 5.0238    43
 5.0263    38
 5.0288    35
 5.0313    41
 5.0338    32
 5.0363    40
 5.0388    34
 5.0413    49
 5.0438    38
 5.0463    35
 5.0488    45
 5.0513    40
 5.0538    42
 5.0563    41
 5.0588    42
 5.0613    41
 5.0638    37
 5.0663    39
 5.0688    33
 5.0713    44
 5.0738    44
 5.0763    45
 5.0788    38
 5.0813    35
 5.0838    40
 5.0863    38
 5.0888    36
 5.0913    36
 5.0938    33
 5.0963    48
 5.0988    39
 5.1013    34
 5.1038    32
 5.1063    46
 5.1088    38
 5.1113    45
 5.1138    46
 5.1163    43
 5.1188    38
 5.1213    35
 5.1238    39
 5.1263    35
 5.1288    36
 5.1313    35
 5.1338    42
 5.1363    38
 5.1388    42
 5.1413    48
 5.1438    41
 5.1463    45
 5.1488    35
 5.1513    40
 5.1538    48
 5.1563    45
 5.1589    39
 5.1614    29
 5.1639    37
 5.1664    34
 5.1689    40
 5.1714    42
 5.1739    41
 5.1764    34
 5.1789    33
 5.1814    45
 5.1839    36
 5.1864    34
 5.1889    40
 5.1914    33
 5.1939    28
 5.1964    39
 5.1989    41
 5.2014    37
 5.2039    41
 5.2064    40
 5.2089    29
 5.2114    29
 5.2139    32
 5.2164    38
 5.2189    34
 5.2214    33
 5.2239    34
 5.2264    42
 5.2289    35
 5.2314    31
 5.2339    36
 5.2364    31
 5.2389    34
 5.2414    39
 5.2439    39
 5.2464    34
 5.2489    35
 5.2514    31
 5.2539    38
 5.2564    36
 5.2589    31
 5.2614    36
 5.2639    35
 5.2664    33
 5.2689    37
 5.2714    36
 5.2739    32
 5.2764    43
 5.2789    38
 5.2814    33
 5.2839    35
 5.2864    40
 5.2889    38
 5.2914    37
 5.2939    37
 5.2964    30
 5.2989    30
 5.3014    36
 5.3039    36
 5.3064    37
 5.3089    42
 5.3114    35
 5.3139    34
 5.3164    42
 5.3189    36
 5.3214    37
 5.3239    33
 5.3264    36
 5.3289    39
 5.3314    34
 5.3339    35
 5.3364    35
 5.3389    33
 5.3414    34
 5.3439    35
 5.3464    35
 5.3489    36
 5.3514    40
 5.3539    45
 5.3564    45
 5.3589    40
 5.3614    41
 5.3639    46
 5.3664    38
  5.369    34
 5.3715    35
  5.374    33
 5.3765    37
  5.379    37
 5.3815    36
  5.384    35
 5.3865    35
  5.389    36
 5.3915    34
  5.394    34
 5.3965    38
  5.399    43
 5.4015    42
  5.404    41
 5.4065    40
  5.409    39
 5.4115    35
  5.414    34
 5.4165    41
  5.419    36
 5.4215    31
  5.424    33
 5.4265    35
  5.429    40
 5.4315    43
  5.434    39
 5.4365    36
  5.439    43
 5.4415    41
  5.444    34
 5.4465    34
  5.449    33
 5.4515    30
  5.454    33
 5.4565    40
  5.459    36
 5.4615    37
  5.464    33
 5.4665    32
  5.469    38
 5.4715    44
  5.474    44
 5.4765    42
  5.479    34
 5.4815    29
  5.484    35
 5.4865    34
  5.489    34
 5.4915    36
  5.494    33
 5.4965    33
  5.499    32
 5.5015    34
  5.504    37
 5.5065    34
  5.509    25
 5.5115    28
  5.514    29
 5.5165    32
  5.519    36
 5.5215    30
  5.524    32
 5.5265    26
  5.529    24
 5.5315    29
  5.534    32
 5.5365    35
  5.539    35
 5.5415    33
  5.544    33
 5.5465    35
  5.549    36
 5.5515    34
  5.554    37
 5.5565    33
  5.559    31
 5.5615    35
  5.564    30
 5.5665    31
  5.569    34
 5.5715    35
  5.574    35
 5.5766    37
 5.5791    30
 5.5816    41
 5.5841    43
 5.5866    35
 5.5891    29
 5.5916    30
 5.5941    29
 5.5966    30
 5.5991    33
 5.6016    27
 5.6041    30
 5.6066    35
 5.6091    31
 5.6116    31
 5.6141    38
 5.6166    32
 5.6191    26
 5.6216    26
 5.6241    28
 5.6266    24
 5.6291    28
 5.6316    28
 5.6341    31
 5.6366    27
 5.6391    24
 5.6416    22
 5.6441    27
 5.6466    33
 5.6491    40
 5.6516    38
 5.6541    38
 5.6566    35
 5.6591    36
 5.6616    31
 5.6641    29
 5.6666    32
 5.6691    25
 5.6716    31
 5.6741    32
 5.6766    29
 5.6791    33
 5.6816    24
 5.6841    26
 5.6866    22
 5.6891    29
 5.6916    29
 5.6941    34
 5.6966    26
 5.6991    22
 5.7016    29
 5.7041    27
 5.7066    27
 5.7091    27
 5.7116    28
 5.7141    31
 5.7166    31
 5.7191    29
 5.7216    30
 5.7241    39
 5.7266    27
 5.7291    29
 5.7316    31
 5.7341    29
 5.7366    26
 5.7391    33
 5.7416    27
 5.7441    24
 5.7466    26
 5.7491    29
 5.7516    30
 5.7541    24
 5.7566    36
 5.7591    30
 5.7616    29
 5.7641    29
 5.7666    28
 5.7691    30
 5.7716    24
 5.7741    28
 5.7766    32
 5.7791    25
 5.7816    25
 5.7842    29
 5.7867    26
 5.7892    26
 5.7917    43
 5.7942    34
 5.7967    26
 5.7992    23
 5.8017    37
 5.8042    31
 5.8067    30
 5.8092    25
 5.8117    28
 5.8142    30
 5.8167    24
 5.8192    25
 5.8217    24
 5.8242    22
 5.8267    25
 5.8292    30
 5.8317    33
 5.8342    28
 5.8367    21
 5.8392    30
 5.8417    35
 5.8442    27
 5.8467    28
 5.8492    19
 5.8517    25
 5.8542    27
 5.8567    24
 5.8592    25
 5.8617    31
 5.8642    26
 5.8667    36
 5.8692    28
 5.8717    25
 5.8742    19
 5.8767    24
 5.8792    32
 5.8817    29
 5.8842    33
 5.8867    29
 5.8892    34
 5.8917    29
 5.8942    34
 5.8967    30
 5.8992    27
 5.9017    23
 5.9042    27
 5.9067    21
 5.9092    31
 5.9117    24
 5.9142    32
 5.9167    33
 5.9192    21
 5.9217    31
 5.9242    30
 5.9267    21
 5.9292    31
 5.9317    18
 5.9342    26
 5.9367    22
 5.9392    26
 5.9417    34
 5.9442    27
 5.9467    28
 5.9492    29
 5.9517    26
 5.9542    23
 5.9567    31
 5.9592    31
 5.9617    34
 5.9642    28
 5.9667    30
 5.9692    29
 5.9717    22
 5.9742    23
 5.9767    25
 5.9792    24
 5.9817    19
 5.9842    24
 5.9867    28
 5.9892    27
 5.9917    31
 5.9943    18
 5.9968    43
 5.9993    35
 6.0018    34
 6.0043    25
 6.0068    19
 6.0093    23
 6.0118    25
 6.0143    17
 6.0168    23
 6.0193    42
 6.0218    29
 6.0243    21
 6.0268    23
 6.0293    18
 6.0318    19
 6.0343    25
 6.0368    27
 6.0393    25
 6.0418    31
 6.0443    32
 6.0468    26
 6.0493    24
 6.0518    39
 6.0543    27
 6.0568    29
 6.0593    31
 6.0618    26
 6.0643    24
 6.0668    22
 6.0693    31
 6.0718    21
 6.0743    28
 6.0768    29
 6.0793    18
 6.0818    18
 6.0843    24
 6.0868    21
 6.0893    24
 6.0918    22
 6.0943    26
 6.0968    20
 6.0993    31
 6.1018    22
 6.1043    19
 6.1068    15
 6.1093    21
 6.1118    21
 6.1143    36
 6.1168    22
 6.1193    23
 6.1218    21
 6.1243    31
 6.1268    21
 6.1293    36
 6.1318    22
 6.1343    29
 6.1368    25
 6.1393    24
 6.1418    25
 6.1443    30
 6.1468    26
 6.1493    23
 6.1518    23
 6.1543    32
 6.1568    29
 6.1593    27
 6.1618    31
 6.1643    26
 6.1668    17
 6.1693    25
 6.1718    22
 6.1743    29
 6.1768    39
 6.1793    24
 6.1818    29
 6.1843    32
 6.1868    25
 6.1893    22
 6.1918    21
 6.1943    31
 6.1968    18
 6.1993    23
 6.2019    29
 6.2044    27
 6.2069    26
 6.2094    23
 6.2119    21
 6.2144    24
 6.2169    31
 6.2194    34
 6.2219    18
 6.2244    15
 6.2269    21
 6.2294    23
 6.2319    26
 6.2344    24
 6.2369    26
 6.2394    23
 6.2419    21
 6.2444    20
 6.2469    17
 6.2494    20
 6.2519    15
 6.2544    20
 6.2569    16
 6.2594    21
 6.2619    20
 6.2644    24
 6.2669    14
 6.2694    23
 6.2719    22
 6.2744    17
 6.2769    23
 6.2794    17
 6.2819    33
 6.2844    29
 6.2869    16
 6.2894    32
 6.2919    23
 6.2944    27
 6.2969    29
 6.2994    17
 6.3019    20
 6.3044    24
 6.3069    24
 6.3094    24
 6.3119    28
 6.3144    18
 6.3169    23
 6.3194    25
 6.3219    27
 6.3244    19
 6.3269    14
 6.3294    34
 6.3319    22
 6.3344    26
 6.3369    24
 6.3394    28
 6.3419    24
 6.3444    27
 6.3469    16
 6.3494    24
 6.3519    20
 6.3544    24
 6.3569    29
 6.3594    18
 6.3619    20
 6.3644    25
 6.3669    21
 6.3694    20
 6.3719    19
 6.3744    28
 6.3769    23
 6.3794    25
 6.3819    31
 6.3844    20
 6.3869    24
 6.3894    32
 6.3919    23
 6.3944    31
 6.3969    26
 6.3994    24
 6.4019    32
 6.4044    22
 6.4069    34
 6.4095    23
  6.412    26
 6.4145    26
  6.417    31
 6.4195    23
  6.422    26
 6.4245    32
  6.427    15
 6.4295    25
  6.432    22
 6.4345    28
  6.437    31
 6.4395    23
  6.442    21
 6.4445    33
  6.447    22
 6.4495    24
  6.452    27
 6.4545    21
  6.457    20
 6.4595    20
  6.462    27
 6.4645    21
  6.467    22
 6.4695    31
  6.472    20
 6.4745    15
  6.477    21
 6.4795    20
  6.482    14
 6.4845    26
  6.487    24
 6.4895    24
  6.492    20
 6.4945    17
  6.497    27
 6.4995    16
  6.502    20
 6.5045    21
  6.507     9
 6.5095    20
  6.512    23
 6.5145    29
  6.517    27
 6.5195    23
  6.522    21
 6.5245    21
  6.527    20
 6.5295    19
  6.532    18
 6.5345    24
  6.537    21
 6.5395    15
  6.542    17
 6.5445    14
  6.547    14
 6.5495    22
  6.552    25
 6.5545    18
  6.557    23
 6.5595    20
  6.562    21
 6.5645    23
  6.567    22
 6.5695    27
  6.572    21
 6.5745    17
  6.577    15
 6.5795    22
  6.582    23
 6.5845    21
  6.587    19
 6.5895    17
  6.592    16
 6.5945    10
  6.597    20
 6.5995    20
  6.602    20
 6.6045    28
  6.607    14
 6.6095    10
  6.612    17
 6.6145    21
  6.617    17
 6.6196    25
 6.6221    24
 6.6246    21
 6.6271    20
 6.6296    19
 6.6321    19
 6.6346    25
 6.6371     9
 6.6396    18
 6.6421    15
 6.6446    26
 6.6471    21
 6.6496    21
 6.6521    16
 6.6546    20
 6.6571    22
 6.6596    19
 6.6621    18
 6.6646    18
 6.6671    25
 6.6696    18
 6.6721    16
 6.6746    12
 6.6771    16
 6.6796    21
 6.6821    18
 6.6846    15
 6.6871    21
 6.6896    17
 6.6921    21
 6.6946    14
 6.6971    14
 6.6996    10
 6.7021    21
 6.7046    17
 6.7071    12
 6.7096    15
 6.7121    20
 6.7146    27
 6.7171    18
 6.7196    14
 6.7221    16
 6.7246    15
 6.7271    15
 6.7296    13
 6.7321    25
 6.7346    17
 6.7371    23
 6.7396    21
 6.7421    19
 6.7446    25
 6.7471    17
 6.7496    21
 6.7521    11
 6.7546    18
 6.7571    18
 6.7596    10
 6.7621    16
 6.7646    22
 6.7671    28
 6.7696    20
 6.7721    16
 6.7746    18
 6.7771    25
 6.7796    13
 6.7821    25
 6.7846    24
 6.7871    13
 6.7896    14
 6.7921    14
 6.7946    12
 6.7971    22
 6.7996    21
 6.8021    17
 6.8046    16
 6.8071    18
 6.8096    13
 6.8121    22
 6.8146    16
 6.8171    14
 6.8196    14
 6.8221    13
 6.8246    22
 6.8272    12
 6.8297    12
 6.8322    10
 6.8347    26
 6.8372    22
 6.8397    18
 6.8422     8
 6.8447    24
 6.8472    22
 6.8497    14
 6.8522    20
 6.8547    13
 6.8572    19
 6.8597    13
 6.8622    16
 6.8647    18
 6.8672    14
 6.8697    18
 6.8722    15
 6.8747     8
 6.8772    16
 6.8797    16
 6.8822    16
 6.8847    12
 6.8872    17
 6.8897     9
 6.8922    11
 6.8947    23
 6.8972    17
 6.8997    17
 6.9022    16
 6.9047    12
 6.9072    14
 6.9097    20
 6.9122    21
 6.9147    19
 6.9172    17
 6.9197     8
 6.9222    20
 6.9247    12
 6.9272    16
 6.9297    25
 6.9322    18
 6.9347    11
 6.9372    18
 6.9397    19
 6.9422    17
 6.9447    13
 6.9472    19
 6.9497    12
 6.9522    14
 6.9547     9
 6.9572    17
 6.9597    12
 6.9622    17
 6.9647    14
 6.9672    15
 6.9697    12
 6.9722    16
 6.9747    18
 6.9772    19
 6.9797    19
 6.9822    15
 6.9847    16
 6.9872    18
 6.9897    10
 6.9922    19
 6.9947    11
 6.9972    12
 6.9997    15
 7.0022    17
 7.0047    16
 7.0072    15
 7.0097    21
 7.0122    15
 7.0147    19
 7.0172     7
 7.0197    18
 7.0222    11
 7.0247    17
 7.0272    19
 7.0297    13
 7.0322    17
 7.0348     9
 7.0373    14
 7.0398    19
 7.0423    17
 7.0448    19
 7.0473    17
 7.0498    19
 7.0523    19
 7.0548    15
 7.0573    16
 7.0598    11
 7.0623    11
 7.0648    23
 7.0673    16
 7.0698    13
 7.0723    15
 7.0748    14
 7.0773    10
 7.0798    17
 7.0823    14
 7.0848    18
 7.0873    17
 7.0898    19
 7.0923    15
 7.0948    21
 7.0973    20
 7.0998    12
 7.1023    15
 7.1048    18
 7.1073    11
 7.1098    25
 7.1123    19
 7.1148    18
 7.1173    16
 7.1198    14
 7.1223    15
 7.1248    11
 7.1273    16
 7.1298    18
 7.1323    15
 7.1348    11
 7.1373    19
 7.1398    14
 7.1423    16
 7.1448    22
 7.1473    16
 7.1498    13
 7.1523    17
 7.1548    18
 7.1573    20
 7.1598    22
 7.1623    19
 7.1648    14
 7.1673    18
 7.1698    12
 7.1723    18
 7.1748    10
 7.1773    21
 7.1798    13
 7.1823    21
 7.1848    12
 7.1873    10
 7.1898    21
 7.1923    11
 7.1948     9
 7.1973    11
 7.1998    17
 7.2023    15
 7.2048    18
 7.2073    15
 7.2098    13
 7.2123    13
 7.2148    13
 7.2173    13
 7.2198     8
 7.2223    13
 7.2248    13
 7.2273    10
 7.2298    21
 7.2323    12
 7.2348     9
 7.2373    17
 7.2398    12
 7.2423    14
 7.2449    14
 7.2474    13
 7.2499    15
 7.2524    19
 7.2549    19
 7.2574    18
 7.2599    17
 7.2624    18
 7.2649    11
 7.2674    14
 7.2699    16
 7.2724     9
 7.2749    23
 7.2774    14
 7.2799    15
 7.2824    13
 7.2849    16
 7.2874    11
 7.2899    23
 7.2924    12
 7.2949     7
 7.2974    21
 7.2999     9
 7.3024    15
 7.3049    12
 7.3074    13
 7.3099     9
 7.3124    12
 7.3149    16
 7.3174     6
 7.3199    18
 7.3224    13
 7.3249    10
 7.3274     9
 7.3299    10
 7.3324    13
 7.3349    22
 7.3374    19
 7.3399    15
 7.3424    14
 7.3449     9
 7.3474    18
 7.3499     8
 7.3524    14
 7.3549    16
 7.3574    11
 7.3599    14
 7.3624     9
 7.3649    19
 7.3674    13
 7.3699    17
 7.3724    11
 7.3749    13
 7.3774    15
 7.3799     9
 7.3824    12
 7.3849     7
 7.3874     6
 7.3899    13
 7.3924    13
 7.3949    16
 7.3974    11
 7.3999     8
 7.4024    20
 7.4049    12
 7.4074    14
 7.4099    19
 7.4124    11
 7.4149    12
 7.4174     9
 7.4199    14
 7.4224     7
 7.4249    12
 7.4274    18
 7.4299    11
 7.4324    12
 7.4349    10
 7.4374    14
 7.4399    11
 7.4424    16
 7.4449    15
 7.4474    11
 7.4499     7
 7.4525    10
  7.455    17
 7.4575    13
   7.46    12
 7.4625    15
  7.465    17
 7.4675     6
   7.47    10
 7.4725    13
  7.475     7
 7.4775    21
   7.48    15
 7.4825    11
  7.485    13
 7.4875     7
   7.49    14
 7.4925    15
  7.495     7
 7.4975    12
    7.5    15
 7.5025    12
  7.505    16
 7.5075    15
   7.51    14
 7.5125     7
  7.515     7
 7.5175    16
   7.52    17
 7.5225    12
  7.525     8
 7.5275    15
   7.53    10
 7.5325    10
  7.535    10
 7.5375    11
   7.54    10
 7.5425    14
  7.545    16
 7.5475    12
   7.55     9
 7.5525     8
  7.555    10
 7.5575     2
   7.56    13
 7.5625    16
  7.565    10
 7.5675     3
   7.57    10
 7.5725    16
  7.575    10
 7.5775    17
   7.58     5
 7.5825     9
  7.585     8
 7.5875     8
   7.59    13
 7.5925    11
  7.595    14
 7.5975     9
    7.6    16
 7.6025     4
  7.605    10
 7.6075    18
   7.61    15
 7.6125    11
  7.615    10
 7.6175     7
   7.62     9
 7.6225    13
  7.625    12
 7.6275     6
   7.63    10
 7.6325    10
  7.635    15
 7.6375     9
   7.64    11
 7.6425    13
  7.645    10
 7.6475     6
   7.65    10
 7.6525    11
  7.655    15
 7.6575    13
 7.6601    15
 7.6626    10
 7.6651    16
 7.6676    15
 7.6701     7
 7.6726    11
 7.6751    20
 7.6776     9
 7.6801     7
 7.6826    15
 7.6851     6
 7.6876    11
 7.6901     9
 7.6926     3
 7.6951    11
 7.6976    18
 7.7001     9
 7.7026    12
 7.7051    15
 7.7076    16
 7.7101    13
 7.7126    11
 7.7151     8
 7.7176     8
 7.7201    12
 7.7226    11
 7.7251     9
 7.7276    14
 7.7301    12
 7.7326     5
 7.7351     7
 7.7376    10
 7.7401     6
 7.7426    11
 7.7451    10
 7.7476    13
 7.7501     7
 7.7526    11
 7.7551     7
 7.7576    13
 7.7601    10
 7.7626    17
 7.7651    10
 7.7676    11
 7.7701    17
 7.7726    20
 7.7751    16
 7.7776     5
 7.7801    11
 7.7826    11
 7.7851    13
 7.7876     9
 7.7901     5
 7.7926     7
 7.7951     7
 7.7976    13
 7.8001     8
 7.8026    10
 7.8051    10
 7.8076    10
 7.8101    11
 7.8126     9
 7.8151    10
 7.8176     5
 7.8201     5
 7.8226    10
 7.8251     7
 7.8276     8
 7.8301    11
 7.8326     6
 7.8351     8
 7.8376    11
 7.8401     8
 7.8426     8
 7.8451    15
 7.8476    10
 7.8501     9
 7.8526    11
 7.8551     7
 7.8576    11
 7.8601    10
 7.8626     7
 7.8651     2
 7.8676     8
 7.8702     8
 7.8727     6
 7.8752     8
 7.8777    13
 7.8802     8
 7.8827    12
 7.8852     5
 7.8877    10
 7.8902    10
 7.8927    12
 7.8952    11
 7.8977    11
 7.9002    10
 7.9027    11
 7.9052    10
 7.9077    10
 7.9102    11
 7.9127     8
 7.9152     9
 7.9177     4
 7.9202    10
 7.9227    12
 7.9252     6
 7.9277    12
 7.9302    15
 7.9327     8
 7.9352     7
 7.9377     9
 7.9402    11
 7.9427     5
 7.9452     9
 7.9477    11
 7.9502     7
 7.9527     9
 7.9552    10
 7.9577     6
 7.9602    10
 7.9627     5
 7.9652     8
 7.9677     5
 7.9702     9
 7.9727    11
 7.9752    10
 7.9777     7
 7.9802     5
 7.9827     7
 7.9852    10
 7.9877     7
 7.9902    10
 7.9927    11
 7.9952     1
 7.9977    11
 8.0002     9
 8.0027    10
 8.0052     4
 8.0077     8
 8.0102    10
 8.0127    10
 8.0152     5
 8.0177     7
 8.0202    15
 8.0227    12
 8.0252    11
 8.0277     8
 8.0302     9
 8.0327     9
 8.0352     5
 8.0377    12
 8.0402    10
 8.0427     8
 8.0452    11
 8.0477     9
 8.0502    10
 8.0527     9
 8.0552    18
 8.0577     9
 8.0602    16
 8.0627     9
 8.0652    11
 8.0677    15
 8.0702     9
 8.0727     6
 8.0752     5
 8.0778     8
 8.0803     9
 8.0828    14
 8.0853     6
 8.0878    13
 8.0903    11
 8.0928     8
 8.0953     5
 8.0978     9
 8.1003    10
 8.1028    12
 8.1053    13
 8.1078     7
 8.1103     5
 8.1128     4
 8.1153     9
 8.1178     9
 8.1203     7
 8.1228     7
 8.1253     6
 8.1278     9
 8.1303    14
 8.1328     9
 8.1353     8
 8.1378     9
 8.1403     9
 8.1428    11
 8.1453     2
 8.1478    10
 8.1503     8
 8.1528    13
 8.1553     9
 8.1578     7
 8.1603     5
 8.1628     8
 8.1653     7
 8.1678    11
 8.1703     6
 8.1728     4
 8.1753     7
 8.1778     6
 8.1803     2
 8.1828     7
 8.1853     7
 8.1878     8
 8.1903     4
 8.1928     1
 8.1953     9
 8.1978     7
 8.2003     6
 8.2028     8
 8.2053     9
 8.2078     9
 8.2103     9
 8.2128     6
 8.2153    13
 8.2178     9
 8.2203     7
 8.2228     6
 8.2253    11
 8.2278    13
 8.2303    10
 8.2328     5
 8.2353     8
 8.2378     9
 8.2403     9
 8.2428     8
 8.2453    10
 8.2478     8
 8.2503     7
 8.2528    13
 8.2553    10
 8.2578     7
 8.2603     8
 8.2628     7
 8.2653     7
 8.2678    12
 8.2703     7
 8.2728     8
 8.2753     7
 8.2778     6
 8.2803    10
 8.2828     6
 8.2854     8
 8.2879     5
 8.2904     9
 8.2929     4
 8.2954     8
 8.2979    10
 8.3004     4
 8.3029     5
 8.3054     6
 8.3079    13
 8.3104     9
 8.3129     9
 8.3154     5
 8.3179    12
 8.3204     6
 8.3229     8
 8.3254     9
 8.3279    11
 8.3304     6
 8.3329     7
 8.3354     7
 8.3379     6
 8.3404     8
 8.3429     7
 8.3454     6
 8.3479     4
 8.3504     6
 8.3529     7
 8.3554    10
 8.3579     6
 8.3604     2
 8.3629     8
 8.3654     2
 8.3679     4
 8.3704     4
 8.3729     4
 8.3754     5
 8.3779     4
 8.3804     2
 8.3829     4
 8.3854     7
 8.3879     9
 8.3904     6
 8.3929     6
 8.3954    10
 8.3979     6
 8.4004     5
 8.4029     7
 8.4054     8
 8.4079    11
 8.4104     6
 8.4129     8
 8.4154     9
 8.4179    13
 8.4204     5
 8.4229     8
 8.4254    13
 8.4279     7
 8.4304     8
 8.4329     3
 8.4354     8
 8.4379     6
 8.4404    11
 8.4429     7
 8.4454     5
 8.4479     4
 8.4504     6
 8.4529     5
 8.4554     2
 8.4579     6
 8.4604     3
 8.4629    10
 8.4654    10
 8.4679     7
 8.4704     6
 8.4729     7
 8.4754     5
 8.4779     8
 8.4804     4
 8.4829     5
 8.4854     3
 8.4879     9
 8.4904     8
 8.4929     3
 8.4955     4
  8.498    11
 8.5005     4
  8.503     8
 8.5055     9
  8.508     7
 8.5105     7
  8.513     6
 8.5155     2
  8.518     4
 8.5205     7
  8.523     4
 8.5255     4
  8.528     5
 8.5305     8
  8.533     7
 8.5355     6
  8.538     5
 8.5405     5
  8.543     7
 8.5455     2
  8.548     2
 8.5505     5
  8.553    13
 8.5555     8
  8.558     6
 8.5605     5
  8.563     5
 8.5655     6
  8.568     8
 8.5705     2
  8.573     5
 8.5755     9
  8.578     3
 8.5805    10
  8.583     7
 8.5855     7
  8.588     7
 8.5905     9
  8.593     3
 8.5955     5
  8.598     5
 8.6005     6
  8.603     5
 8.6055     7
  8.608     4
 8.6105     5
  8.613     8
 8.6155     1
  8.618     5
 8.6205     3
  8.623     5
 8.6255     8
  8.628     6
 8.6305     5
  8.633     3
 8.6355     3
  8.638     3
 8.6405     5
  8.643     6
 8.6455     5
  8.648     5
 8.6505     8
  8.653     3
 8.6555     8
  8.658     2
 8.6605     7
  8.663     4
 8.6655     4
  8.668     4
 8.6705     7
  8.673     6
 8.6755     7
  8.678     6
 8.6805     4
  8.683     6
 8.6855     6
  8.688     2
 8.6905     4
  8.693     4
 8.6955     3
  8.698     4
 8.7005     7
 8.7031     9
 8.7056     6
 8.7081     3
 8.7106     3
 8.7131     4
 8.7156     6
 8.7181     3
 8.7206     4
 8.7231     5
 8.7256     6
 8.7281     9
 8.7306     5
 8.7331     6
 8.7356     6
 8.7381     6
 8.7406     6
 8.7431     7
 8.7456     5
 8.7481     4
 8.7506     6
 8.7531     2
 8.7556    11
 8.7581     7
 8.7606     4
 8.7631     6
 8.7656     5
 8.7681     5
 8.7706     2
 8.7731     5
 8.7756     4
 8.7781     4
 8.7806     3
 8.7831     4
 8.7856     2
 8.7881    11
 8.7906     5
 8.7931     8
 8.7956     3
 8.7981     3
 8.8006     4
 8.8031     3
 8.8056     7
 8.8081     6
 8.8106     8
 8.8131     8
 8.8156     5
 8.8181     6
 8.8206     7
 8.8231     6
 8.8256     4
 8.8281     2
 8.8306     4
 8.8331     2
 8.8356     8
 8.8381     4
 8.8406     4
 8.8431     8
 8.8456     2
 8.8481     9
 8.8506    10
 8.8531     9
 8.8556     1
 8.8581     7
 8.8606     1
 8.8631     6
 8.8656     2
 8.8681     8
 8.8706     5
 8.8731     4
 8.8756     6
 8.8781     6
 8.8806     6
 8.8831     4
 8.8856     2
 8.8881     6
 8.8906     5
 8.8931     3
 8.8956     4
 8.8981     3
 8.9006     3
 8.9031     2
 8.9056     5
 8.9081     3
 8.9107     5
 8.9132     6
 8.9157     3
 8.9182     7
 8.9207     6
 8.9232     3
 8.9257     3
 8.9282     2
 8.9307     4
 8.9332     3
 8.9357     4
 8.9382     3
 8.9407     6
 8.9432     5
 8.9457     1
 8.9482     3
 8.9507     8
 8.9532     6
 8.9557     5
 8.9582     4
 8.9607     0
 8.9632     1
 8.9657     5
 8.9682     2
 8.9707     3
 8.9732     3
 8.9757     6
 8.9782     4
 8.9807     2
 8.9832     2
 8.9857     8
 8.9882     2
 8.9907     3
 8.9932     4
 8.9957     4
 8.9982     4
 9.0007     4
 9.0032     4
 9.0057     6
 9.0082     5
 9.0107     4
 9.0132     5
 9.0157     6
 9.0182     5
 9.0207     7
 9.0232     2
 9.0257     4
 9.0282     5
 9.0307     2
 9.0332     6
 9.0357     0
 9.0382     3
 9.0407     3
 9.0432     6
 9.0457     5
 9.0482     5
 9.0507     6
 9.0532     5
 9.0557     3
 9.0582     5
 9.0607     2
 9.0632     0
 9.0657     4
 9.0682     3
 9.0707     4
 9.0732     4
 9.0757     2
 9.0782     5
 9.0807     6
 9.0832     7
 9.0857     6
 9.0882     2
 9.0907     4
 9.0932     2
 9.0957     2
 9.0982     3
 9.1007     4
 9.1032     4
 9.1057     2
 9.1082     1
 9.1107     5
 9.1132     3
 9.1157     2
 9.1182     8
 9.1208     2
 9.1233     3
 9.1258     7
 9.1283     4
 9.1308     5
 9.1333     4
 9.1358     3
 9.1383     5
 9.1408     4
 9.1433     1
 9.1458     2
 9.1483     4
 9.1508     3
 9.1533     7
 9.1558     3
 9.1583     6
 9.1608     2
 9.1633     2
 9.1658     3
 9.1683     5
 9.1708     4
 9.1733     4
 9.1758     5
 9.1783     1
 9.1808     2
 9.1833     5
 9.1858     2
 9.1883     5
 9.1908     0
 9.1933     0
 9.1958     2
 9.1983     3
 9.2008     1
 9.2033     2
 9.2058     0
 9.2083     5
 9.2108     5
 9.2133     3
 9.2158     3
 9.2183     5
 9.2208     2
 9.2233     5
 9.2258     6
 9.2283     3
 9.2308     0
 9.2333     6
 9.2358     1
 9.2383     1
 9.2408     2
 9.2433     2
 9.2458     1
 9.2483     5
 9.2508     2
 9.2533     1
 9.2558     2
 9.2583     6
 9.2608     5
 9.2633     2
 9.2658     3
 9.2683     2
 9.2708     5
 9.2733     1
 9.2758     3
 9.2783     3
 9.2808     3
 9.2833     3
 9.2858     6
 9.2883     3
 9.2908     2
 9.2933     3
 9.2958     0
 9.2983     1
 9.3008     1
 9.3033     3
 9.3058     2
 9.3083     0
 9.3108     3
 9.3133     1
 9.3158     2
 9.3183     2
 9.3208     2
 9.3233     5
 9.3258     2
 9.3284     4
 9.3309     3
 9.3334     0
 9.3359     1
 9.3384     1
 9.3409     2
 9.3434     1
 9.3459     1
 9.3484     5
 9.3509     1
 9.3534     4
 9.3559     2
 9.3584     4
 9.3609     2
 9.3634     4
 9.3659     0
 9.3684     0
 9.3709     3
 9.3734     1
 9.3759     5
 9.3784     1
 9.3809     2
 9.3834     0
 9.3859     4
 9.3884     3
 9.3909     2
 9.3934     1
 9.3959     3
 9.3984     5
 9.4009     2
 9.4034     3
 9.4059     1
 9.4084     4
 9.4109     1
 9.4134     2
 9.4159     2
 9.4184     1
 9.4209     3
 9.4234     2
 9.4259     3
 9.4284     1
 9.4309     2
 9.4334     2
 9.4359     1
 9.4384     0
 9.4409     1
 9.4434     1
 9.4459     2
 9.4484     3
 9.4509     3
 9.4534     4
 9.4559     3
 9.4584     3
 9.4609     2
 9.4634     0
 9.4659     4
 9.4684     1
 9.4709     2
 9.4734     4
 9.4759     1
 9.4784     4
 9.4809     1
 9.4834     1
 9.4859     3
 9.4884     4
 9.4909     2
 9.4934     2
 9.4959     1
 9.4984     1
 9.5009     0
 9.5034     1
 9.5059     1
 9.5084     3
 9.5109     2
 9.5134     2
 9.5159     2
 9.5184     3
 9.5209     2
 9.5234     1
 9.5259     2
 9.5284     2
 9.5309     0
 9.5334     2
  9.536     2
 9.5385     1
  9.541     0
 9.5435     0
  9.546     1
 9.5485     1
  9.551     1
 9.5535     0
  9.556     7
 9.5585     1
  9.561     1
 9.5635     2
  9.566     0
 9.5685     3
  9.571     0
 9.5735     0
  9.576     1
 9.5785     5
  9.581     2
 9.5835     0
  9.586     1
 9.5885     0
  9.591     1
 9.5935     1
  9.596     2
 9.5985     1
  9.601     3
 9.6035     0
  9.606     1
 9.6085     0
  9.611     1
 9.6135     2
  9.616     0
 9.6185     1
  9.621     1
 9.6235     1
  9.626     1
 9.6285     0
  9.631     0
 9.6335     1
  9.636     1
 9.6385     0
  9.641     1
 9.6435     3
  9.646     1
 9.6485     0
  9.651     2
 9.6535     2
  9.656     1
 9.6585     1
  9.661     0
 9.6635     0
  9.666     1
 9.6685     3
  9.671     0
 9.6735     2
  9.676     1
 9.6785     1
  9.681     3
 9.6835     1
  9.686     0
 9.6885     4
  9.691     1
 9.6935     1
  9.696     1
 9.6985     3
  9.701     0
 9.7035     0
  9.706     2
 9.7085     2
  9.711     3
 9.7135     0
  9.716     0
 9.7185     1
  9.721     0
 9.7235     1
  9.726     3
 9.7285     1
  9.731     0
 9.7335     1
  9.736     0
 9.7385     1
  9.741     1
 9.7435     2
 9.7461     2
 9.7486     0
 9.7511     2
 9.7536     0
 9.7561     0
 9.7586     0
 9.7611     2
 9.7636     1
 9.7661     1
 9.7686     1
 9.7711     1
 9.7736     1
 9.7761     2
 9.7786     1
 9.7811     0
 9.7836     1
 9.7861     2
 9.7886     0
 9.7911     0
 9.7936     2
 9.7961     0
 9.7986     1
 9.8011     0
 9.8036     1
 9.8061     0
 9.8086     1
 9.8111     1
 9.8136     1
 9.8161     0
 9.8186     1
 9.8211     2
 9.8236     2
 9.8261     0
 9.8286     2
 9.8311     1
 9.8336     1
 9.8361     0
 9.8386     0
 9.8411     0
 9.8436     0
 9.8461     1
 9.8486     2
 9.8511     0
 9.8536     0
 9.8561     1
 9.8586     0
 9.8611     0
 9.8636     0
 9.8661     1
 9.8686     2
 9.8711     0
 9.8736     0
 9.8761     1
 9.8786     0
 9.8811     0
 9.8836     0
 9.8861     1
 9.8886     1
 9.8911     0
 9.8936     0
 9.8961     1
 9.8986     1
 9.9011     0
 9.9036     0
 9.9061     0
 9.9086     0
 9.9111     0
 9.9136     0
 9.9161     0
 9.9186     0
 9.9211     1
 9.9236     0
 9.9261     0
 9.9286     0
 9.9311     0
 9.9336     1
 9.9361     0
 9.9386     1
 9.9411     0
 9.9436     0
 9.9461     0
 9.9486     2
 9.9511     0
 9.9537     1
 9.9562     0
 9.9587     0
 9.9612     1
 9.9637     1
 9.9662     0
 9.9687     1
 9.9712     0
 9.9737     0
 9.9762     0
 9.9787     0
 9.9812     1
 9.9837     0
 9.9862     1
 9.9887     1
 9.9912     0
 9.9937     0
 9.9962     0
 9.9987     0
10.0012     0
10.0037     0
