49
8.3 0 0
0 0 1
3929.48 6.57045e+10 5178
18.8 0 0
0 0 1
3936.35 6.30201e+10 5242
29.3 0 0
0 0 1
3936.4 5.89604e+10 5303
39.8 0 0
0 0 1
3936.67 5.2817e+10 5076
50.3 0 0
0 0 1
3937.53 4.59652e+10 4937
60.9 0 0
0 0 1
3940.89 3.95014e+10 4868
71.4 0 0
0 0 1
3929.44 3.31787e+10 5090
81.9 0 0
0 0 1
3929.83 2.66589e+10 5691
92.4 0 0
0 0 1
3929.14 2.01723e+10 4744
102.9 0 0
0 0 1
3930.07 1.53315e+10 5182
113.4 0 0
0 0 1
3928.41 1.16272e+10 5433
123.9 0 0
0 0 1
3928.06 8.75168e+09 4891
134.4 0 0
0 0 1
3928.31 5.8387e+09 7757
144.9 0 0
0 0 1
3928.11 3.99194e+09 7889
155.5 0 0
0 0 1
3927.87 2.71469e+09 7488
166 0 0
0 0 1
3923.62 1.67416e+09 7449
-1 0 0
