49
8.3 0 0
0 0 1
3929.48 3.48063e+08 5178
18.8 0 0
0 0 1
3936.35 3.35237e+08 5242
29.3 0 0
0 0 1
3936.4 3.13723e+08 5303
39.8 0 0
0 0 1
3936.67 2.81723e+08 5076
50.3 0 0
0 0 1
3937.53 2.46541e+08 4937
60.9 0 0
0 0 1
3940.89 2.12903e+08 4868
71.4 0 0
0 0 1
3929.44 1.77429e+08 5090
81.9 0 0
0 0 1
3929.83 1.43246e+08 5691
92.4 0 0
0 0 1
3929.14 1.09583e+08 4744
102.9 0 0
0 0 1
3930.07 8.3681e+07 5182
113.4 0 0
0 0 1
3928.41 6.35789e+07 5433
123.9 0 0
0 0 1
3928.06 4.72401e+07 4891
134.4 0 0
0 0 1
3928.31 3.20257e+07 7757
144.9 0 0
0 0 1
3928.11 2.23138e+07 7889
155.5 0 0
0 0 1
3927.87 1.48938e+07 7488
166 0 0
0 0 1
3923.62 9.58014e+06 7449
-1 0 0
