Time: 14:25; Datum: 22.07.2015
Sample Area [sqmm]: 0,000
Sample Thickness [mm]: 0,000
Voltage Level [V]: 0,010


F[Hz]		Z[Ohm]		Theta		Temperatur[°C]
60,000000	544721,800000	-64,489460
61,724000	529681,100000	-63,075760
63,497000	528352,200000	-67,265370
65,322000	503496,200000	-63,701470
67,198000	498851,100000	-62,932690
69,129000	483135,300000	-64,985110
71,115000	477720,000000	-62,785340
73,159000	471070,800000	-62,959560
75,261000	456842,200000	-62,598900
77,423000	447791,300000	-62,366750
79,647000	438382,600000	-61,931900
81,936000	432041,900000	-62,314010
84,290000	420361,000000	-62,192390
86,712000	415628,200000	-61,801990
89,203000	406445,200000	-61,747200
91,766000	399654,300000	-61,184290
94,403000	389106,400000	-60,986660
97,115000	382997,300000	-61,010300
99,905000	373207,400000	-60,913150
102,776000	369240,700000	-60,651250
105,729000	363779,600000	-60,641710
108,766000	356412,000000	-60,495160
111,891000	347577,300000	-59,881050
115,106000	343362,500000	-59,873490
118,413000	335809,500000	-59,508010
121,815000	329896,900000	-59,507950
125,315000	323168,200000	-59,178700
128,916000	316864,500000	-59,001590
132,620000	312196,200000	-58,804360
136,430000	305569,600000	-58,679710
140,350000	301073,600000	-58,556020
144,383000	295295,400000	-58,338530
148,531000	288108,800000	-58,071960
152,798000	284090,400000	-57,852580
157,189000	276076,300000	-57,381950
161,705000	274860,900000	-57,193710
166,351000	268236,700000	-57,177670
171,130000	263225,900000	-56,846340
176,047000	258525,300000	-56,662240
181,105000	253986,500000	-56,277670
186,309000	249330,400000	-56,190650
191,662000	247352,100000	-55,973350
197,168000	243105,000000	-55,599030
202,833000	235984,300000	-55,717530
208,661000	232250,000000	-55,253930
214,656000	229201,500000	-55,215310
220,824000	225288,600000	-54,816690
227,168000	221400,100000	-54,650510
233,695000	217829,700000	-54,441260
240,409000	214392,700000	-54,297590
247,317000	210821,700000	-54,137390
254,423000	206767,100000	-53,839350
261,733000	203131,700000	-53,636910
269,252000	199567,900000	-53,383150
276,989000	196598,700000	-53,340870
284,947000	193239,000000	-52,962190
293,134000	190762,800000	-52,641160
301,556000	187229,800000	-52,446160
310,220000	184446,300000	-52,463350
319,133000	181261,500000	-52,210080
328,302000	177982,300000	-51,900370
337,735000	174419,600000	-51,693440
347,439000	171699,500000	-51,416480
357,421000	169533,400000	-51,151820
367,690000	166926,100000	-51,074380
378,255000	164094,100000	-50,748490
389,123000	161756,200000	-50,617150
400,303000	158878,700000	-50,316540
411,804000	156511,100000	-50,059060
423,636000	154018,000000	-49,999300
435,807000	151945,000000	-49,656560
448,329000	149943,200000	-49,458770
461,210000	147295,400000	-49,115730
474,461000	144752,400000	-49,171390
488,093000	142986,300000	-48,898220
502,117000	140611,000000	-48,503630
516,543000	138282,100000	-48,394950
531,384000	136253,000000	-48,213810
546,652000	134368,000000	-47,968640
562,358000	132282,400000	-47,693680
578,516000	130330,500000	-47,581630
595,137000	128473,100000	-47,348060
612,236000	126494,900000	-47,136860
629,827000	124664,300000	-46,859250
647,923000	122584,700000	-46,450240
666,538000	121393,700000	-46,586650
685,689000	119354,100000	-46,298040
705,390000	117556,900000	-46,113000
725,657000	115975,100000	-45,811940
746,506000	114264,900000	-45,779820
767,954000	112661,000000	-45,317760
790,019000	111023,100000	-45,164150
812,717000	109503,400000	-44,855160
836,068000	107799,400000	-44,811870
860,090000	106417,700000	-44,646600
884,801000	105046,500000	-44,334820
910,223000	103568,100000	-44,108660
936,375000	102038,400000	-43,964820
963,278000	100764,300000	-43,591540
990,955000	99473,190000	-43,448410
1019,427000	98103,020000	-43,282810
1048,716000	96748,380000	-43,064710
1078,847000	95466,130000	-42,831520
1109,844000	94353,520000	-42,608200
1141,732000	92925,230000	-42,404440
1174,536000	91769,100000	-42,194020
1208,282000	90535,360000	-41,942300
1242,998000	89382,160000	-41,728070
1278,711000	88265,050000	-41,524080
1315,450000	87021,890000	-41,296230
1353,245000	85948,050000	-41,072360
1392,126000	84903,630000	-40,949270
1432,124000	83862,280000	-40,729130
1473,271000	82724,730000	-40,460500
1515,600000	81739,360000	-40,248290
1559,145000	80760,480000	-40,018860
1603,942000	79777,660000	-39,836720
1650,026000	78854,670000	-39,599770
1697,434000	77865,560000	-39,414820
1746,203000	76855,960000	-39,225660
1796,374000	75933,380000	-39,006500
1847,987000	75059,550000	-38,782790
1901,083000	74132,590000	-38,597840
1955,704000	73257,860000	-38,387270
2011,894000	72371,880000	-38,211910
2069,699000	71558,920000	-37,957980
2129,164000	70689,020000	-37,757860
2190,338000	69860,630000	-37,536560
2253,270000	69122,140000	-37,350040
2318,010000	68278,050000	-37,175320
2384,610000	67584,880000	-36,917160
2453,123000	66738,700000	-36,728180
2523,605000	66016,000000	-36,491330
2596,112000	65231,090000	-36,329130
2670,703000	64551,310000	-36,128810
2747,436000	63875,300000	-35,891790
2826,374000	63096,630000	-35,709370
2907,580000	62459,570000	-35,542240
2991,119000	61784,190000	-35,350670
3077,059000	61103,690000	-35,126120
3165,467000	60482,150000	-34,921690
3256,416000	59833,570000	-34,701470
3349,978000	59162,980000	-34,532300
3446,228000	58558,940000	-34,338010
3545,243000	57943,700000	-34,136380
3647,103000	57351,340000	-33,914730
3751,890000	56764,160000	-33,711560
3859,687000	56220,440000	-33,510960
3970,582000	55612,270000	-33,319690
4084,663000	55082,970000	-33,175900
4202,022000	54528,410000	-32,966820
4322,752000	53993,630000	-32,793290
4446,951000	53477,410000	-32,628860
4574,719000	52912,770000	-32,395220
4706,158000	52393,620000	-32,226260
4841,373000	51906,000000	-32,000340
4980,473000	51374,180000	-31,852660
5123,569000	50961,160000	-31,617660
5270,777000	50422,540000	-31,482410
5422,215000	49993,450000	-31,299750
5578,003000	49495,550000	-31,127790
5738,268000	49054,540000	-30,950160
5903,137000	48612,130000	-30,746500
6072,743000	48175,130000	-30,572280
6247,222000	47728,580000	-30,398940
6426,714000	47326,370000	-30,209910
6611,363000	46861,520000	-30,049220
6801,318000	46470,530000	-29,899320
6996,730000	46052,160000	-29,749860
7197,757000	45683,360000	-29,547000
7404,559000	45269,680000	-29,413240
7617,304000	44896,670000	-29,237510
7836,160000	44532,970000	-29,054780
8061,305000	44138,480000	-28,923600
8292,919000	43753,270000	-28,775710
8531,187000	43392,800000	-28,607670
8776,301000	43036,980000	-28,475130
9028,457000	42684,970000	-28,290790
9287,859000	42334,490000	-28,176220
9554,713000	42012,750000	-27,999050
9829,234000	41665,930000	-27,844040
10111,643000	41333,320000	-27,715400
10402,166000	40982,600000	-27,585350
10701,036000	40689,200000	-27,441910
11008,493000	40368,040000	-27,308650
11324,784000	40072,470000	-27,159910
11650,162000	39766,410000	-27,041030
11984,889000	39462,360000	-26,910890
12329,233000	39159,500000	-26,827910
12683,471000	38883,710000	-26,682480
13047,886000	38602,290000	-26,515250
13422,772000	38303,570000	-26,418940
13808,428000	38020,950000	-26,361170
14205,166000	37760,750000	-26,227180
14613,302000	37483,760000	-26,113440
15033,164000	37244,800000	-26,058540
15465,090000	36974,810000	-25,907810
15909,425000	36674,380000	-25,822440
16366,527000	36431,450000	-25,704110
16836,762000	36162,470000	-25,600110
17320,508000	35917,910000	-25,518460
17818,153000	35676,500000	-25,451400
18330,095000	35438,990000	-25,393360
18856,747000	35185,280000	-25,310210
19398,530000	34976,130000	-25,234050
19955,879000	34727,660000	-25,156360
20529,242000	34495,450000	-25,091550
21119,078000	34247,840000	-25,035790
21725,861000	34011,510000	-24,949910
22350,078000	33792,140000	-24,930630
22992,230000	33584,320000	-24,866890
23652,832000	33360,800000	-24,825080
24332,414000	33130,110000	-24,778310
25031,521000	32913,870000	-24,729940
25750,714000	32701,720000	-24,711660
26490,572000	32481,830000	-24,671910
27251,686000	32289,200000	-24,656440
28034,668000	32066,220000	-24,633420
28840,147000	31860,680000	-24,617170
29668,768000	31644,090000	-24,592450
30521,197000	31449,300000	-24,580500
31398,118000	31254,130000	-24,522830
32300,233000	31047,190000	-24,558060
33228,268000	30852,060000	-24,542530
34182,967000	30666,490000	-24,564430
35165,095000	30471,250000	-24,582100
36175,442000	30256,800000	-24,608850
37214,817000	30056,420000	-24,614890
38284,056000	29866,160000	-24,641360
39384,015000	29675,900000	-24,651310
40515,578000	29495,070000	-24,696010
41679,652000	29297,710000	-24,716240
42877,171000	29110,080000	-24,767110
44109,098000	28914,350000	-24,800880
45376,419000	28737,550000	-24,851410
46680,153000	28554,140000	-24,882200
48021,344000	28372,670000	-24,931870
49401,071000	28182,100000	-24,999650
50820,439000	27995,020000	-25,061310
52280,587000	27824,230000	-25,110450
53782,688000	27630,710000	-25,188590
55327,946000	27446,840000	-25,258110
56917,602000	27270,080000	-25,346750
58552,932000	27081,320000	-25,424500
60235,246000	26906,880000	-25,495960
61965,896000	26721,230000	-25,576320
63746,271000	26546,030000	-25,679870
65577,798000	26370,280000	-25,780170
67461,948000	26193,130000	-25,874610
69400,232000	26009,180000	-26,000060
71394,207000	25829,360000	-26,110710
73445,471000	25665,290000	-26,194030
75555,671000	25493,830000	-26,315640
77726,500000	25310,580000	-26,441750
79959,701000	25138,700000	-26,560410
82257,064000	24966,600000	-26,688460
84620,435000	24795,960000	-26,795680
87051,709000	24622,260000	-26,934200
89552,837000	24445,990000	-27,082610
92125,826000	24277,580000	-27,235310
94772,741000	24101,330000	-27,400500
97495,706000	23932,690000	-27,544430
100296,906000	23754,650000	-27,714130
103178,588000	23587,180000	-27,854450
106143,066000	23412,240000	-28,042570
109192,718000	23244,560000	-28,226350
112329,990000	23070,260000	-28,398650
115557,402000	22898,880000	-28,567320
118877,542000	22725,940000	-28,768310
122293,074000	22559,910000	-28,965750
125806,740000	22388,700000	-29,154510
129421,359000	22213,190000	-29,377680
133139,832000	22046,000000	-29,559370
136965,141000	21880,750000	-29,774300
140900,358000	21706,950000	-30,011170
144948,640000	21544,420000	-30,230560
149113,234000	21373,350000	-30,477730
153397,484000	21205,250000	-30,707960
157804,827000	21033,700000	-30,963070
162338,800000	20866,960000	-31,206600
167003,041000	20694,900000	-31,461770
171801,292000	20526,010000	-31,701880
176737,404000	20349,210000	-31,985560
181815,338000	20178,300000	-32,271770
187039,170000	20006,710000	-32,538190
192413,089000	19836,850000	-32,824430
197941,410000	19668,720000	-33,111870
203628,568000	19490,780000	-33,422970
209479,126000	19316,010000	-33,705520
215497,780000	19138,960000	-34,007230
221689,359000	18966,520000	-34,344780
228058,831000	18795,290000	-34,661000
234611,308000	18612,380000	-34,981210
241352,048000	18436,730000	-35,313930
248286,459000	18259,210000	-35,655520
255420,106000	18079,450000	-35,993550
262758,714000	17898,620000	-36,338150
270308,172000	17717,160000	-36,695350
278074,537000	17531,490000	-37,063750
286064,041000	17362,130000	-37,413510
294283,096000	17166,370000	-37,821140
302738,296000	16982,690000	-38,195150
311436,428000	16805,510000	-38,542500
320384,470000	16618,720000	-38,939500
329589,603000	16431,100000	-39,307120
339059,214000	16236,080000	-39,724320
348800,900000	16055,210000	-40,082830
358822,480000	15869,680000	-40,479680
369131,996000	15673,230000	-40,903290
379737,719000	15494,960000	-41,285610
390648,161000	15297,870000	-41,709100
401872,077000	15105,810000	-42,108430
413418,473000	14915,570000	-42,521100
425296,614000	14726,710000	-42,945270
437516,033000	14529,600000	-43,346780
450086,533000	14342,190000	-43,759620
463018,204000	14149,920000	-44,193250
476321,421000	13954,920000	-44,584720
490006,860000	13761,790000	-44,990420
504085,502000	13566,630000	-45,410290
518568,645000	13379,690000	-45,814720
533467,910000	13187,120000	-46,235340
548795,254000	12993,510000	-46,655000
564562,977000	12802,190000	-47,059250
580783,729000	12614,070000	-47,460810
597470,529000	12423,540000	-47,882230
614636,766000	12234,480000	-48,278620
632296,215000	12044,660000	-48,690430
650463,046000	11858,350000	-49,097850
669151,838000	11669,600000	-49,495480
688377,588000	11480,080000	-49,883380
708155,723000	11299,500000	-50,259240
728502,114000	11114,040000	-50,657030
749433,087000	10930,330000	-51,044320
770965,439000	10754,790000	-51,422720
793116,448000	10571,910000	-51,804010
815903,890000	10392,040000	-52,184150
839346,049000	10216,510000	-52,546330
863461,737000	10041,100000	-52,914710
888270,306000	9870,085000	-53,254840
913791,663000	9697,021000	-53,632190
940046,286000	9530,044000	-53,969110
967055,246000	9362,180000	-54,312230
994840,213000	9196,671000	-54,638850
1023423,485000	9032,366000	-54,979170
1052827,998000	8871,152000	-55,302270
1083077,347000	8711,261000	-55,635630
1114195,806000	8557,698000	-55,727230
1146208,346000	8400,921000	-55,949390
1179140,654000	8256,500000	-56,263430
1213019,158000	8101,778000	-56,588180
1247871,043000	7954,910000	-56,816890
1283724,275000	7804,239000	-57,093860
1320607,626000	7659,668000	-57,380710
1358550,691000	7515,809000	-57,710100
1397583,918000	7388,187000	-57,984020
1437738,629000	7246,227000	-58,155580
1479047,046000	7121,858000	-58,424800
1521542,316000	6984,913000	-58,678460
1565258,540000	6852,332000	-58,887200
1610230,798000	6729,813000	-59,119890
1656495,177000	6608,829000	-59,400170
1704088,802000	6493,067000	-59,589800
1753049,865000	6371,052000	-59,810310
1803417,653000	6257,103000	-60,033330
1855232,584000	6136,182000	-60,241080
1908536,237000	6037,084000	-60,509780
1963371,385000	5917,393000	-60,672760
2019782,030000	5822,899000	-60,903790
2077813,439000	5714,679000	-61,090410
2137512,178000	5615,599000	-61,326180
2198926,153000	5507,768000	-61,475880
2262104,645000	5422,178000	-61,687650
2327098,351000	5329,064000	-61,885690
2393959,425000	5237,236000	-62,096120
2462741,519000	5148,467000	-62,267020
2533499,828000	5059,649000	-62,444160
2606291,130000	4979,452000	-62,668670
2681173,837000	4895,945000	-62,826950
2758208,038000	4815,557000	-63,061550
2837455,549000	4740,902000	-63,236600
2918979,961000	4667,231000	-63,457600
3002846,693000	4595,696000	-63,653920
3089123,045000	4528,516000	-63,832510
3177878,247000	4459,387000	-64,025180
3269183,521000	4390,350000	-64,275570
3363112,134000	4334,697000	-64,493550
3459739,459000	4272,987000	-64,719250
3559143,034000	4214,370000	-64,929380
3661402,625000	4157,605000	-65,183060
3766600,290000	4106,779000	-65,422580
3874820,443000	4054,534000	-65,668900
3986149,926000	4003,506000	-65,942020
4100678,074000	3959,555000	-66,197760
4218496,791000	3915,785000	-66,495130
4339700,617000	3875,495000	-66,803120
4464386,815000	3835,639000	-67,098250
4592655,436000	3795,570000	-67,459430
4724609,410000	3762,152000	-67,774900
4860354,622000	3729,993000	-68,194830
5000000,000000	3704,083000	-68,505440
