Time: 17:00; Datum: 22.07.2015
Sample Area [sqmm]: 0,000
Sample Thickness [mm]: 0,000
Voltage Level [V]: 0,010


F[Hz]		Z[Ohm]		Theta		Temperatur[°C]
60,000000	6646482,000000	-145,204200
61,724000	10341760,000000	135,646000
63,497000	1966110,000000	-103,759400
65,322000	4038817,000000	-33,928750
67,198000	13703480,000000	119,590000
69,129000	2609026,000000	-101,318800
71,115000	11573960,000000	-20,004800
73,159000	13178010,000000	132,528700
75,261000	21646210,000000	-101,899300
77,423000	17437690,000000	-32,056620
79,647000	9414177,000000	-25,523810
81,936000	29481090,000000	-0,870534
84,290000	14551070,000000	-103,705100
86,712000	33080930,000000	-52,118290
89,203000	27846020,000000	-75,133620
91,766000	49000910,000000	-82,021030
94,403000	18411570,000000	-64,676810
97,115000	26200620,000000	-87,726150
99,905000	17156370,000000	-70,661930
102,776000	35617290,000000	-60,091850
105,729000	33909160,000000	-107,345800
108,766000	28629470,000000	-102,706500
111,891000	22146250,000000	-83,069750
115,106000	36922310,000000	-96,023210
118,413000	17089760,000000	-118,042800
121,815000	15158620,000000	-61,054880
125,315000	13460740,000000	-85,566100
128,916000	8271496,000000	76,887850
132,620000	4443344,000000	-79,902350
136,430000	22205230,000000	-83,579330
140,350000	4476719,000000	-103,862500
144,383000	4629681,000000	-117,714600
148,531000	11294750,000000	-74,728620
152,798000	18026930,000000	-78,863700
157,189000	8173911,000000	99,914780
161,705000	5506991,000000	-144,876100
166,351000	8166589,000000	36,968360
171,130000	9236399,000000	5,026379
176,047000	25611950,000000	-172,696400
181,105000	20540120,000000	-75,056270
186,309000	20350010,000000	-78,934740
191,662000	13269390,000000	-80,956400
197,168000	12154210,000000	-91,773120
202,833000	26453300,000000	-59,335720
208,661000	21672840,000000	-85,179570
214,656000	12762220,000000	-71,719030
220,824000	26529730,000000	-59,561640
227,168000	7675018,000000	-81,149770
233,695000	10016130,000000	-13,215090
240,409000	22656310,000000	8,763162
247,317000	14225990,000000	-63,270320
254,423000	9157821,000000	-114,520600
261,733000	31873380,000000	-2,488854
269,252000	6893525,000000	-75,754300
276,989000	14003490,000000	-98,923150
284,947000	11162310,000000	-87,546710
293,134000	14377610,000000	-93,399130
301,556000	12746150,000000	-92,943320
310,220000	13153910,000000	-88,136260
319,133000	12312920,000000	-85,461330
328,302000	12599150,000000	-64,998900
337,735000	9034838,000000	-84,286480
347,439000	9359524,000000	-90,055920
357,421000	8778381,000000	-107,886300
367,690000	8085079,000000	-65,896500
378,255000	8209507,000000	-82,753580
389,123000	9214809,000000	-79,216030
400,303000	7804527,000000	-89,076660
411,804000	7577548,000000	-83,831440
423,636000	7897882,000000	-82,813140
435,807000	9128473,000000	-69,171550
448,329000	9799979,000000	-84,376010
461,210000	8616241,000000	-83,738840
474,461000	7086271,000000	-77,074940
488,093000	6072571,000000	-81,940880
502,117000	6585035,000000	-91,865550
516,543000	7080423,000000	-84,941760
531,384000	6716203,000000	-82,552250
546,652000	6331420,000000	-81,708760
562,358000	5654853,000000	-82,597210
578,516000	6327542,000000	-83,820270
595,137000	5627850,000000	-84,512480
612,236000	5515851,000000	-86,025820
629,827000	5224972,000000	-80,613560
647,923000	4697782,000000	-92,296460
666,538000	5056435,000000	-75,061460
685,689000	5119754,000000	-84,295140
705,390000	5081328,000000	-84,822560
725,657000	5069130,000000	-83,173260
746,506000	4595726,000000	-86,084840
767,954000	4855379,000000	-83,274870
790,019000	4527516,000000	-84,261030
812,717000	4340311,000000	-85,066510
836,068000	4235578,000000	-86,226980
860,090000	3960081,000000	-86,603520
884,801000	4025743,000000	-84,166390
910,223000	4038906,000000	-85,386650
936,375000	3952687,000000	-82,342380
963,278000	3905929,000000	-83,131980
990,955000	3797799,000000	-84,762470
1019,427000	3582233,000000	-83,794760
1048,716000	3482218,000000	-81,958020
1078,847000	3430102,000000	-84,716640
1109,844000	3312019,000000	-84,915440
1141,732000	3167606,000000	-82,969250
1174,536000	3189012,000000	-85,654300
1208,282000	3029365,000000	-83,110660
1242,998000	3024879,000000	-83,256360
1278,711000	2885891,000000	-83,814680
1315,450000	2875086,000000	-82,361440
1353,245000	2727855,000000	-84,064800
1392,126000	2731375,000000	-83,874980
1432,124000	2638664,000000	-83,392740
1473,271000	2551787,000000	-83,505050
1515,600000	2510192,000000	-84,508660
1559,145000	2471004,000000	-85,130040
1603,942000	2388971,000000	-84,753740
1650,026000	2292550,000000	-82,648920
1697,434000	2219313,000000	-84,409260
1746,203000	2206199,000000	-85,493220
1796,374000	2107032,000000	-85,263260
1847,987000	2045776,000000	-84,655400
1901,083000	2007238,000000	-84,968930
1955,704000	1965253,000000	-84,491540
2011,894000	1920165,000000	-84,753730
2069,699000	1854505,000000	-84,940970
2129,164000	1810850,000000	-84,510070
2190,338000	1744001,000000	-84,721840
2253,270000	1735671,000000	-84,957240
2318,010000	1667258,000000	-86,018460
2384,610000	1624351,000000	-84,827780
2453,123000	1573454,000000	-83,983720
2523,605000	1536824,000000	-85,169750
2596,112000	1501385,000000	-84,974460
2670,703000	1472318,000000	-85,329820
2747,436000	1427079,000000	-85,882930
2826,374000	1373291,000000	-85,252550
2907,580000	1349177,000000	-84,886040
2991,119000	1307536,000000	-85,565780
3077,059000	1269707,000000	-85,209020
3165,467000	1233999,000000	-85,020200
3256,416000	1206583,000000	-85,131900
3349,978000	1167789,000000	-85,361350
3446,228000	1154428,000000	-85,157460
3545,243000	1109780,000000	-85,105120
3647,103000	1086736,000000	-84,638190
3751,890000	1055963,000000	-84,834650
3859,687000	1032889,000000	-85,437600
3970,582000	1001268,000000	-85,220980
4084,663000	971727,100000	-85,108450
4202,022000	948727,100000	-85,223070
4322,752000	922024,300000	-85,311830
4446,951000	896668,900000	-85,567540
4574,719000	874057,400000	-85,200890
4706,158000	850921,700000	-85,508800
4841,373000	832163,600000	-85,342060
4980,473000	808321,200000	-85,426360
5123,569000	795711,200000	-85,524170
5270,777000	760980,200000	-85,638570
5422,215000	743540,400000	-85,227750
5578,003000	725122,300000	-85,287480
5738,268000	706367,900000	-85,424250
5903,137000	685756,500000	-85,580160
6072,743000	668368,200000	-85,426820
6247,222000	650106,600000	-85,436580
6426,714000	633451,400000	-85,649220
6611,363000	614912,200000	-85,196480
6801,318000	599805,600000	-85,550100
6996,730000	582878,700000	-85,462390
7197,757000	567682,300000	-85,547450
7404,559000	552198,400000	-85,473430
7617,304000	538705,300000	-85,493490
7836,160000	523889,200000	-85,386380
8061,305000	510175,300000	-85,461310
8292,919000	496478,400000	-85,486830
8531,187000	482227,200000	-85,489070
8776,301000	468933,300000	-85,595310
9028,457000	457460,800000	-85,419440
9287,859000	444905,200000	-85,370390
9554,713000	432478,300000	-85,384670
9829,234000	421108,100000	-85,486520
10111,643000	409755,000000	-85,558020
10402,166000	399481,500000	-85,204320
10701,036000	388512,700000	-85,440060
11008,493000	378570,600000	-85,383400
11324,784000	367780,900000	-85,463300
11650,162000	358455,200000	-85,407950
11984,889000	348334,400000	-85,480510
12329,233000	339335,600000	-85,438260
12683,471000	330658,700000	-85,476810
13047,886000	322733,500000	-85,295600
13422,772000	312796,800000	-85,395880
13808,428000	304701,300000	-85,434730
14205,166000	296946,400000	-85,530130
14613,302000	288205,500000	-85,397430
15033,164000	281129,400000	-85,115540
15465,090000	273467,600000	-85,378810
15909,425000	265876,300000	-85,387140
16366,527000	259148,000000	-85,375450
16836,762000	252044,700000	-85,226870
17320,508000	245094,100000	-85,305480
17818,153000	238310,600000	-85,257230
18330,095000	231725,800000	-85,271840
18856,747000	225894,600000	-85,248540
19398,530000	219715,100000	-85,249180
19955,879000	213982,000000	-85,171960
20529,242000	208232,500000	-85,209620
21119,078000	202716,300000	-85,102250
21725,861000	197260,700000	-85,153040
22350,078000	191930,800000	-85,085220
22992,230000	186902,100000	-85,095540
23652,832000	182571,500000	-85,011570
24332,414000	177005,600000	-85,011810
25031,521000	172241,300000	-85,022720
25750,714000	167619,200000	-84,948240
26490,572000	162925,300000	-84,778110
27251,686000	158874,200000	-84,901300
28034,668000	154596,900000	-84,877820
28840,147000	150388,900000	-84,860660
29668,768000	146287,500000	-84,847500
30521,197000	142358,500000	-84,804000
31398,118000	138870,000000	-84,656500
32300,233000	134892,400000	-84,738830
33228,268000	131421,600000	-84,625020
34182,967000	127834,500000	-84,702000
35165,095000	124386,400000	-84,609730
36175,442000	121019,500000	-84,562470
37214,817000	117795,000000	-84,519780
38284,056000	114698,400000	-84,450100
39384,015000	111552,300000	-84,412380
40515,578000	108574,800000	-84,353480
41679,652000	105686,200000	-84,308040
42877,171000	102880,400000	-84,241760
44109,098000	100109,800000	-84,232050
45376,419000	97444,820000	-84,135610
46680,153000	94869,540000	-84,079310
48021,344000	92333,840000	-84,037410
49401,071000	89862,280000	-83,984160
50820,439000	87463,460000	-83,902180
52280,587000	85107,590000	-83,846820
53782,688000	82893,520000	-83,732730
55327,946000	80623,660000	-83,703940
56917,602000	78501,270000	-83,645290
58552,932000	76383,440000	-83,580270
60235,246000	74366,230000	-83,502820
61965,896000	72390,460000	-83,477010
63746,271000	70462,010000	-83,332970
65577,798000	68606,160000	-83,256810
67461,948000	66753,710000	-83,148710
69400,232000	65007,180000	-83,058070
71394,207000	63243,950000	-83,009240
73445,471000	61563,090000	-82,897770
75555,671000	59955,830000	-82,822040
77726,500000	58349,250000	-82,711010
79959,701000	56803,440000	-82,611710
82257,064000	55317,570000	-82,517770
84620,435000	53825,640000	-82,394380
87051,709000	52431,310000	-82,316140
89552,837000	51049,330000	-82,219470
92125,826000	49695,210000	-82,090610
94772,741000	48389,860000	-81,973850
97495,706000	47101,730000	-81,847670
100296,906000	45865,450000	-81,719380
103178,588000	44634,800000	-81,600760
106143,066000	43467,100000	-81,456500
109192,718000	42348,170000	-81,357960
112329,990000	41225,050000	-81,219860
115557,402000	40131,580000	-81,089710
118877,542000	39086,170000	-80,943540
122293,074000	38068,910000	-80,761450
125806,740000	37060,150000	-80,643470
129421,359000	36092,940000	-80,476270
133139,832000	35166,120000	-80,310710
136965,141000	34238,370000	-80,170120
140900,358000	33361,870000	-80,033970
144948,640000	32488,280000	-79,859920
149113,234000	31645,460000	-79,684100
153397,484000	30831,980000	-79,507560
157804,827000	30041,450000	-79,340420
162338,800000	29265,200000	-79,148380
167003,041000	28510,200000	-78,955400
171801,292000	27782,450000	-78,771990
176737,404000	27063,260000	-78,581420
181815,338000	26373,130000	-78,385860
187039,170000	25709,180000	-78,180630
192413,089000	25046,840000	-77,956070
197941,410000	24414,770000	-77,747520
203628,568000	23801,270000	-77,531280
209479,126000	23192,890000	-77,310650
215497,780000	22616,430000	-77,098970
221689,359000	22044,710000	-76,848090
228058,831000	21499,050000	-76,619260
234611,308000	20955,860000	-76,377880
241352,048000	20439,990000	-76,121940
248286,459000	19933,670000	-75,878040
255420,106000	19438,570000	-75,609630
262758,714000	18961,050000	-75,351510
270308,172000	18501,010000	-75,089840
278074,537000	18040,180000	-74,817600
286064,041000	17600,960000	-74,556680
294283,096000	17185,560000	-74,295620
302738,296000	16763,400000	-73,998920
311436,428000	16366,230000	-73,711550
320384,470000	15974,650000	-73,421260
329589,603000	15595,510000	-73,125240
339059,214000	15228,650000	-72,820500
348800,900000	14872,840000	-72,553710
358822,480000	14522,410000	-72,238850
369131,996000	14185,750000	-71,923960
379737,719000	13856,750000	-71,587040
390648,161000	13540,950000	-71,263170
401872,077000	13230,640000	-70,942060
413418,473000	12931,230000	-70,632560
425296,614000	12641,860000	-70,283940
437516,033000	12360,760000	-69,939490
450086,533000	12085,070000	-69,614300
463018,204000	11820,560000	-69,281930
476321,421000	11563,550000	-68,930710
490006,860000	11310,800000	-68,595090
504085,502000	11068,110000	-68,237520
518568,645000	10835,070000	-67,918230
533467,910000	10606,380000	-67,551060
548795,254000	10380,800000	-67,207470
564562,977000	10166,810000	-66,855250
580783,729000	9956,305000	-66,492340
597470,529000	9754,603000	-66,144530
614636,766000	9555,633000	-65,802770
632296,215000	9364,583000	-65,449740
650463,046000	9181,147000	-65,070580
669151,838000	9000,626000	-64,732460
688377,588000	8828,497000	-64,387310
708155,723000	8654,855000	-64,030330
728502,114000	8493,232000	-63,696420
749433,087000	8333,136000	-63,332910
770965,439000	8179,321000	-63,000520
793116,448000	8028,232000	-62,656090
815903,890000	7883,002000	-62,327240
839346,049000	7743,043000	-61,981280
863461,737000	7604,522000	-61,638770
888270,306000	7471,227000	-61,321570
913791,663000	7342,396000	-60,997700
940046,286000	7215,833000	-60,693260
967055,246000	7094,179000	-60,367590
994840,213000	6973,900000	-60,057010
1023423,485000	6858,887000	-59,762080
1052827,998000	6748,390000	-59,458980
1083077,347000	6639,137000	-59,168640
1114195,806000	6533,697000	-58,846890
1146208,346000	6425,025000	-58,574540
1179140,654000	6329,451000	-58,297820
1213019,158000	6234,507000	-58,028450
1247871,043000	6134,118000	-57,758880
1283724,275000	6037,718000	-57,535660
1320607,626000	5952,168000	-57,302120
1358550,691000	5864,793000	-57,053490
1397583,918000	5780,500000	-56,881740
1437738,629000	5695,788000	-56,617590
1479047,046000	5618,625000	-56,454320
1521542,316000	5536,576000	-56,229740
1565258,540000	5463,807000	-56,074550
1610230,798000	5393,485000	-55,864100
1656495,177000	5316,220000	-55,690490
1704088,802000	5248,341000	-55,562620
1753049,865000	5184,691000	-55,394720
1803417,653000	5115,107000	-55,268840
1855232,584000	5045,352000	-55,145260
1908536,237000	4983,736000	-55,046750
1963371,385000	4926,624000	-54,952740
2019782,030000	4860,120000	-54,894200
2077813,439000	4803,827000	-54,775770
2137512,178000	4746,588000	-54,703880
2198926,153000	4693,404000	-54,678430
2262104,645000	4640,550000	-54,620250
2327098,351000	4585,944000	-54,612750
2393959,425000	4534,348000	-54,586390
2462741,519000	4484,598000	-54,571080
2533499,828000	4435,623000	-54,617550
2606291,130000	4388,020000	-54,619960
2681173,837000	4343,198000	-54,666920
2758208,038000	4297,771000	-54,714660
2837455,549000	4255,858000	-54,786900
2918979,961000	4213,095000	-54,866310
3002846,693000	4172,389000	-54,964680
3089123,045000	4133,840000	-55,061920
3177878,247000	4093,976000	-55,165530
3269183,521000	4056,916000	-55,306580
3363112,134000	4022,071000	-55,459930
3459739,459000	3986,746000	-55,614710
3559143,034000	3956,306000	-55,791500
3661402,625000	3924,129000	-55,976840
3766600,290000	3892,571000	-56,212670
3874820,443000	3862,469000	-56,429900
3986149,926000	3835,774000	-56,662330
4100678,074000	3810,473000	-56,947280
4218496,791000	3785,800000	-57,190740
4339700,617000	3763,215000	-57,482810
4464386,815000	3740,978000	-57,801240
4592655,436000	3722,152000	-58,167630
4724609,410000	3703,242000	-58,476710
4860354,622000	3687,210000	-58,824790
5000000,000000	3672,201000	-59,258690
