P 0
365.944780   364.752121
364.642271   363.324069
347.866582   345.041864
336.599094   335.579057
328.172018   327.151981
313.656104   312.400674
275.459634   274.235589
266.499000   263.909674
263.893981   261.995143
258.401473   253.269902
252.846194   230.860469
229.510881   227.941593
227.910208   224.677474
224.426388   222.354928
220.926876   219.844067
216.642720   215.104818
202.001263   200.808604
182.039919   180.407860
177.567449   175.339060
167.916327   166.174418
165.578088   163.475242
162.894606   161.796104
159.646180   158.249513
156.774383   155.926967
96.246945   93.626234
91.382152   90.016871
86.203501   84.838221
71.656202   69.396427
65.991072   64.735642
61.848152   60.733957
60.263171   59.164669
55.743621   54.535270
44.774298   43.440403
35.546885   34.668084
27.684752   26.068385
22.380559   21.360521
10.391198   9.229925
8.225581   -7.200520
-8.110707   -10.150782
-20.665011   -21.637970
-34.694446   -38.837366
-112.531131   -113.708097
