Bruker Nano GmbH Berlin, Germany
Esprit 1.9

Datum: 11.09.2015 17:56:38
Real-Zeit: 134102
Life-Zeit: 113890
Impulsdichte: 28560

Primärenergie: 10
Abnahmewinkel: 35
Kippungwinkel: 0
Azimutwinkel: 45

Detektor-Typ: XFlash 6|30
Fenster-Typ: slew AP3.3
Detektordicke: 0.45
Si-Totschicht:0.029

Kalibrierung, lin.: 2.501
Kalibrierung, abs.: -238.74
Mn-FWHM: 123.318
Fano-Faktor: 0.106
Kanäle: 4096

Energie Impulse
-0.2387     0
-0.2362     0
-0.2337     0
-0.2312     0
-0.2287     0
-0.2262     0
-0.2237     0
-0.2212     0
-0.2187     0
-0.2162     0
-0.2137     0
-0.2112     0
-0.2087     0
-0.2062     0
-0.2037     0
-0.2012     0
-0.1987     0
-0.1962     0
-0.1937     0
-0.1912     0
-0.1887     0
-0.1862     0
-0.1837     0
-0.1812     0
-0.1787     0
-0.1762     0
-0.1737     0
-0.1712     0
-0.1687     0
-0.1662     0
-0.1637     0
-0.1612     0
-0.1587     0
-0.1562     0
-0.1537     0
-0.1512     0
-0.1487     0
-0.1462     0
-0.1437     0
-0.1412     0
-0.1387     0
-0.1362     0
-0.1337     0
-0.1312     0
-0.1287     0
-0.1262     0
-0.1237     0
-0.1212     0
-0.1187     0
-0.1162     0
-0.1137     0
-0.1112     0
-0.1087     0
-0.1062     0
-0.1037     0
-0.1012     0
-0.0987     0
-0.0962     1
-0.0937     0
-0.0912     0
-0.0887     0
-0.0862     2
-0.0837     0
-0.0812     2
-0.0787     1
-0.0762     3
-0.0737     4
-0.0712    15
-0.0687    21
-0.0662    25
-0.0637    37
-0.0612    81
-0.0587   116
-0.0562   190
-0.0537   322
-0.0511   463
-0.0486   668
-0.0461   958
-0.0436  1375
-0.0411  1985
-0.0386  2694
-0.0361  3637
-0.0336  4749
-0.0311  6245
-0.0286  7808
-0.0261  9975
-0.0236 12100
-0.0211 14576
-0.0186 17057
-0.0161 19805
-0.0136 22086
-0.0111 24354
-0.0086 26169
-0.0061 27810
-0.0036 28928
-0.0011 29715
 0.0014 29465
 0.0039 28984
 0.0064 27669
 0.0089 26295
 0.0114 24260
 0.0139 21729
 0.0164 19490
 0.0189 16774
 0.0214 14291
 0.0239 11991
 0.0264  9846
 0.0289  7965
 0.0314  6294
 0.0339  4846
 0.0364  3745
 0.0389  2832
 0.0414  2118
 0.0439  1513
 0.0464  1087
 0.0489   806
 0.0514   509
 0.0539   349
 0.0564   230
 0.0589   186
 0.0614   110
 0.0639    57
 0.0664    55
 0.0689    42
 0.0714    33
 0.0739     0
 0.0764     0
 0.0789     0
 0.0814     0
 0.0839     0
 0.0864     0
 0.0889     0
 0.0914     0
 0.0939     0
 0.0964    22
 0.0989   226
 0.1014   207
 0.1039   168
 0.1064   134
 0.1089   123
 0.1114   106
 0.1139    83
 0.1164    71
 0.1189    68
 0.1214    72
 0.1239    72
 0.1264    69
 0.1289    69
 0.1314    57
 0.1339    58
 0.1364    64
 0.1389    64
 0.1414    59
 0.1439    59
 0.1464    50
 0.1489    67
 0.1514    53
 0.1539    60
 0.1565    54
  0.159    57
 0.1615    69
  0.164    59
 0.1665   100
  0.169   100
 0.1715   111
  0.174   141
 0.1765   147
  0.179   193
 0.1815   209
  0.184   236
 0.1865   248
  0.189   276
 0.1915   326
  0.194   366
 0.1965   431
  0.199   502
 0.2015   591
  0.204   734
 0.2065   831
  0.209  1019
 0.2115  1227
  0.214  1498
 0.2165  1786
  0.219  2181
 0.2215  2661
  0.224  3251
 0.2265  4001
  0.229  4880
 0.2315  5908
  0.234  7167
 0.2365  8567
  0.239 10212
 0.2415 12063
  0.244 14202
 0.2465 16516
  0.249 19058
 0.2515 21714
  0.254 24375
 0.2565 27172
  0.259 29869
 0.2615 32520
  0.264 35059
 0.2665 37191
  0.269 39103
 0.2715 40516
  0.274 41477
 0.2765 42034
  0.279 41992
 0.2815 41539
  0.284 40635
 0.2865 39057
  0.289 37069
 0.2915 34867
  0.294 32385
 0.2965 29482
  0.299 26619
 0.3015 23747
  0.304 20899
 0.3065 18209
  0.309 15717
 0.3115 13325
  0.314 11086
 0.3165  9090
  0.319  7535
 0.3215  6148
  0.324  4921
 0.3265  3879
  0.329  3065
 0.3315  2395
  0.334  1931
 0.3365  1499
  0.339  1224
 0.3415   973
  0.344   811
 0.3465   678
  0.349   595
 0.3515   534
  0.354   514
 0.3565   471
  0.359   442
 0.3615   459
  0.364   488
 0.3666   482
 0.3691   490
 0.3716   502
 0.3741   504
 0.3766   521
 0.3791   528
 0.3816   568
 0.3841   581
 0.3866   569
 0.3891   552
 0.3916   569
 0.3941   620
 0.3966   597
 0.3991   586
 0.4016   612
 0.4041   577
 0.4066   569
 0.4091   583
 0.4116   600
 0.4141   610
 0.4166   593
 0.4191   605
 0.4216   585
 0.4241   607
 0.4266   616
 0.4291   664
 0.4316   663
 0.4341   643
 0.4366   658
 0.4391   684
 0.4416   716
 0.4441   756
 0.4466   770
 0.4491   790
 0.4516   835
 0.4541   891
 0.4566   962
 0.4591  1024
 0.4616  1061
 0.4641  1121
 0.4666  1232
 0.4691  1372
 0.4716  1499
 0.4741  1664
 0.4766  1894
 0.4791  2115
 0.4816  2309
 0.4841  2614
 0.4866  2914
 0.4891  3313
 0.4916  3714
 0.4941  4176
 0.4966  4607
 0.4991  5128
 0.5016  5557
 0.5041  6019
 0.5066  6570
 0.5091  7122
 0.5116  7511
 0.5141  7861
 0.5166  8361
 0.5191  8625
 0.5216  8616
 0.5241  8700
 0.5266  8684
 0.5291  8610
 0.5316  8509
 0.5341  8233
 0.5366  8015
 0.5391  7592
 0.5416  7174
 0.5441  6691
 0.5466  6211
 0.5491  5664
 0.5516  5232
 0.5541  4566
 0.5566  4105
 0.5591  3604
 0.5616  3152
 0.5641  2711
 0.5666  2409
 0.5691  2064
 0.5716  1818
 0.5742  1504
 0.5767  1379
 0.5792  1139
 0.5817  1027
 0.5842   922
 0.5867   776
 0.5892   759
 0.5917   657
 0.5942   633
 0.5967   611
 0.5992   578
 0.6017   567
 0.6042   591
 0.6067   563
 0.6092   552
 0.6117   601
 0.6142   567
 0.6167   575
 0.6192   574
 0.6217   593
 0.6242   623
 0.6267   627
 0.6292   671
 0.6317   745
 0.6342   757
 0.6367   824
 0.6392   809
 0.6417   913
 0.6442   907
 0.6467   996
 0.6492  1014
 0.6517  1090
 0.6542  1138
 0.6567  1220
 0.6592  1323
 0.6617  1458
 0.6642  1481
 0.6667  1518
 0.6692  1577
 0.6717  1604
 0.6742  1599
 0.6767  1666
 0.6792  1622
 0.6817  1692
 0.6842  1674
 0.6867  1646
 0.6892  1695
 0.6917  1616
 0.6942  1561
 0.6967  1502
 0.6992  1489
 0.7017  1342
 0.7042  1417
 0.7067  1292
 0.7092  1299
 0.7117  1221
 0.7142  1153
 0.7167  1115
 0.7192  1085
 0.7217  1013
 0.7242   935
 0.7267   898
 0.7292   898
 0.7317   828
 0.7342   822
 0.7367   822
 0.7392   755
 0.7417   739
 0.7442   709
 0.7467   730
 0.7492   681
 0.7517   727
 0.7542   728
 0.7567   726
 0.7592   693
 0.7617   752
 0.7642   671
 0.7667   746
 0.7692   772
 0.7717   681
 0.7742   659
 0.7767   705
 0.7792   755
 0.7818   673
 0.7843   723
 0.7868   730
 0.7893   757
 0.7918   736
 0.7943   718
 0.7968   710
 0.7993   723
 0.8018   754
 0.8043   708
 0.8068   719
 0.8093   694
 0.8118   712
 0.8143   716
 0.8168   711
 0.8193   715
 0.8218   707
 0.8243   752
 0.8268   671
 0.8293   693
 0.8318   687
 0.8343   672
 0.8368   767
 0.8393   674
 0.8418   692
 0.8443   696
 0.8468   723
 0.8493   704
 0.8518   713
 0.8543   709
 0.8568   763
 0.8593   661
 0.8618   670
 0.8643   721
 0.8668   742
 0.8693   682
 0.8718   719
 0.8743   663
 0.8768   693
 0.8793   700
 0.8818   685
 0.8843   724
 0.8868   703
 0.8893   731
 0.8918   693
 0.8943   745
 0.8968   709
 0.8993   679
 0.9018   701
 0.9043   709
 0.9068   757
 0.9093   736
 0.9118   680
 0.9143   778
 0.9168   749
 0.9193   739
 0.9218   725
 0.9243   695
 0.9268   754
 0.9293   741
 0.9318   751
 0.9343   753
 0.9368   733
 0.9393   794
 0.9418   748
 0.9443   767
 0.9468   747
 0.9493   730
 0.9518   691
 0.9543   821
 0.9568   715
 0.9593   769
 0.9618   787
 0.9643   766
 0.9668   739
 0.9693   752
 0.9718   696
 0.9743   731
 0.9768   765
 0.9793   755
 0.9818   705
 0.9843   731
 0.9868   747
 0.9893   684
 0.9919   711
 0.9944   726
 0.9969   724
 0.9994   710
 1.0019   730
 1.0044   698
 1.0069   690
 1.0094   717
 1.0119   688
 1.0144   723
 1.0169   723
 1.0194   670
 1.0219   739
 1.0244   701
 1.0269   700
 1.0294   699
 1.0319   719
 1.0344   688
 1.0369   699
 1.0394   684
 1.0419   667
 1.0444   688
 1.0469   701
 1.0494   711
 1.0519   709
 1.0544   711
 1.0569   713
 1.0594   677
 1.0619   685
 1.0644   692
 1.0669   716
 1.0694   712
 1.0719   692
 1.0744   713
 1.0769   676
 1.0794   677
 1.0819   681
 1.0844   708
 1.0869   644
 1.0894   697
 1.0919   688
 1.0944   659
 1.0969   682
 1.0994   748
 1.1019   733
 1.1044   688
 1.1069   700
 1.1094   746
 1.1119   732
 1.1144   688
 1.1169   645
 1.1194   736
 1.1219   698
 1.1244   734
 1.1269   675
 1.1294   668
 1.1319   709
 1.1344   705
 1.1369   697
 1.1394   694
 1.1419   711
 1.1444   735
 1.1469   685
 1.1494   652
 1.1519   668
 1.1544   697
 1.1569   697
 1.1594   665
 1.1619   719
 1.1644   724
 1.1669   727
 1.1694   690
 1.1719   741
 1.1744   694
 1.1769   689
 1.1794   720
 1.1819   730
 1.1844   750
 1.1869   711
 1.1894   704
 1.1919   777
 1.1944   740
 1.1969   769
 1.1995   712
  1.202   702
 1.2045   751
  1.207   712
 1.2095   690
  1.212   722
 1.2145   748
  1.217   763
 1.2195   687
  1.222   702
 1.2245   738
  1.227   711
 1.2295   697
  1.232   740
 1.2345   759
  1.237   740
 1.2395   712
  1.242   739
 1.2445   779
  1.247   791
 1.2495   743
  1.252   739
 1.2545   767
  1.257   768
 1.2595   749
  1.262   757
 1.2645   756
  1.267   734
 1.2695   732
  1.272   759
 1.2745   755
  1.277   740
 1.2795   739
  1.282   738
 1.2845   784
  1.287   777
 1.2895   752
  1.292   754
 1.2945   812
  1.297   821
 1.2995   743
  1.302   764
 1.3045   795
  1.307   790
 1.3095   789
  1.312   796
 1.3145   789
  1.317   789
 1.3195   793
  1.322   788
 1.3245   794
  1.327   811
 1.3295   802
  1.332   813
 1.3345   834
  1.337   804
 1.3395   794
  1.342   781
 1.3445   795
  1.347   832
 1.3495   815
  1.352   815
 1.3545   823
  1.357   836
 1.3595   831
  1.362   818
 1.3645   828
  1.367   898
 1.3695   824
  1.372   845
 1.3745   876
  1.377   848
 1.3795   847
  1.382   915
 1.3845   979
  1.387   956
 1.3895  1012
  1.392  1056
 1.3945  1136
  1.397  1253
 1.3995  1332
  1.402  1464
 1.4045  1625
 1.4071  1858
 1.4096  2088
 1.4121  2362
 1.4146  2721
 1.4171  3161
 1.4196  3618
 1.4221  4092
 1.4246  4684
 1.4271  5404
 1.4296  6183
 1.4321  7023
 1.4346  8093
 1.4371  9194
 1.4396 10370
 1.4421 11619
 1.4446 12922
 1.4471 14336
 1.4496 15867
 1.4521 17603
 1.4546 19229
 1.4571 20905
 1.4596 22556
 1.4621 24152
 1.4646 25905
 1.4671 27510
 1.4696 28858
 1.4721 30194
 1.4746 31632
 1.4771 32734
 1.4796 33679
 1.4821 34416
 1.4846 34998
 1.4871 35491
 1.4896 35341
 1.4921 35239
 1.4946 34783
 1.4971 34015
 1.4996 33417
 1.5021 32685
 1.5046 31532
 1.5071 30244
 1.5096 28778
 1.5121 27168
 1.5146 25787
 1.5171 24156
 1.5196 22427
 1.5221 20730
 1.5246 19271
 1.5271 17794
 1.5296 16144
 1.5321 14487
 1.5346 12965
 1.5371 11833
 1.5396 10728
 1.5421  9631
 1.5446  8522
 1.5471  7519
 1.5496  6641
 1.5521  5945
 1.5546  5306
 1.5571  4698
 1.5596  4160
 1.5621  3673
 1.5646  3276
 1.5671  2970
 1.5696  2696
 1.5721  2401
 1.5746  2150
 1.5771  1931
 1.5796  1772
 1.5821  1603
 1.5846  1473
 1.5871  1416
 1.5896  1311
 1.5921  1218
 1.5946  1190
 1.5971  1132
 1.5996  1025
 1.6021   952
 1.6046   902
 1.6071   847
 1.6096   815
 1.6121   788
 1.6146   755
 1.6172   732
 1.6197   704
 1.6222   679
 1.6247   631
 1.6272   617
 1.6297   608
 1.6322   596
 1.6347   565
 1.6372   551
 1.6397   567
 1.6422   584
 1.6447   546
 1.6472   544
 1.6497   530
 1.6522   525
 1.6547   558
 1.6572   522
 1.6597   510
 1.6622   508
 1.6647   507
 1.6672   495
 1.6697   487
 1.6722   488
 1.6747   466
 1.6772   506
 1.6797   505
 1.6822   498
 1.6847   476
 1.6872   503
 1.6897   500
 1.6922   515
 1.6947   503
 1.6972   492
 1.6997   495
 1.7022   491
 1.7047   538
 1.7072   517
 1.7097   545
 1.7122   565
 1.7147   563
 1.7172   550
 1.7197   592
 1.7222   548
 1.7247   560
 1.7272   574
 1.7297   577
 1.7322   595
 1.7347   562
 1.7372   581
 1.7397   598
 1.7422   622
 1.7447   617
 1.7472   610
 1.7497   609
 1.7522   591
 1.7547   562
 1.7572   571
 1.7597   591
 1.7622   565
 1.7647   541
 1.7672   547
 1.7697   535
 1.7722   513
 1.7747   567
 1.7772   533
 1.7797   518
 1.7822   530
 1.7847   520
 1.7872   472
 1.7897   523
 1.7922   514
 1.7947   464
 1.7972   459
 1.7997   492
 1.8022   494
 1.8047   455
 1.8072   461
 1.8097   403
 1.8122   446
 1.8147   465
 1.8172   399
 1.8197   442
 1.8222   442
 1.8248   393
 1.8273   437
 1.8298   462
 1.8323   444
 1.8348   442
 1.8373   416
 1.8398   466
 1.8423   411
 1.8448   427
 1.8473   399
 1.8498   417
 1.8523   422
 1.8548   409
 1.8573   401
 1.8598   398
 1.8623   390
 1.8648   395
 1.8673   415
 1.8698   392
 1.8723   425
 1.8748   401
 1.8773   398
 1.8798   397
 1.8823   386
 1.8848   365
 1.8873   427
 1.8898   456
 1.8923   449
 1.8948   375
 1.8973   408
 1.8998   442
 1.9023   443
 1.9048   499
 1.9073   476
 1.9098   494
 1.9123   448
 1.9148   591
 1.9173   525
 1.9198   542
 1.9223   614
 1.9248   622
 1.9273   684
 1.9298   737
 1.9323   801
 1.9348   799
 1.9373   871
 1.9398   940
 1.9423  1029
 1.9448  1143
 1.9473  1210
 1.9498  1250
 1.9523  1388
 1.9548  1611
 1.9573  1768
 1.9598  1895
 1.9623  2091
 1.9648  2180
 1.9673  2406
 1.9698  2492
 1.9723  2744
 1.9748  3015
 1.9773  3144
 1.9798  3366
 1.9823  3604
 1.9848  3776
 1.9873  3946
 1.9898  4277
 1.9923  4404
 1.9948  4653
 1.9973  4704
 1.9998  4869
 2.0023  4983
 2.0048  5130
 2.0073  5161
 2.0098  5282
 2.0123  5260
 2.0148  5346
 2.0173  5350
 2.0198  5291
 2.0223  5103
 2.0248  5093
 2.0273  4911
 2.0298  4923
 2.0324  4704
 2.0349  4536
 2.0374  4293
 2.0399  4228
 2.0424  3990
 2.0449  3809
 2.0474  3565
 2.0499  3354
 2.0524  3108
 2.0549  2946
 2.0574  2698
 2.0599  2619
 2.0624  2353
 2.0649  2140
 2.0674  2021
 2.0699  1848
 2.0724  1710
 2.0749  1550
 2.0774  1391
 2.0799  1335
 2.0824  1230
 2.0849  1152
 2.0874  1054
 2.0899   993
 2.0924   916
 2.0949   909
 2.0974   882
 2.0999   830
 2.1024   764
 2.1049   764
 2.1074   734
 2.1099   703
 2.1124   671
 2.1149   678
 2.1174   680
 2.1199   635
 2.1224   670
 2.1249   678
 2.1274   691
 2.1299   652
 2.1324   610
 2.1349   641
 2.1374   645
 2.1399   642
 2.1424   649
 2.1449   629
 2.1474   621
 2.1499   648
 2.1524   605
 2.1549   602
 2.1574   594
 2.1599   591
 2.1624   573
 2.1649   559
 2.1674   546
 2.1699   513
 2.1724   536
 2.1749   504
 2.1774   522
 2.1799   511
 2.1824   495
 2.1849   489
 2.1874   470
 2.1899   461
 2.1924   444
 2.1949   406
 2.1974   424
 2.1999   430
 2.2024   443
 2.2049   459
 2.2074   443
 2.2099   408
 2.2124   419
 2.2149   438
 2.2174   393
 2.2199   378
 2.2224   404
 2.2249   391
 2.2274   409
 2.2299   403
 2.2324   396
 2.2349   388
 2.2374   390
 2.2399   381
 2.2425   363
  2.245   376
 2.2475   380
   2.25   372
 2.2525   360
  2.255   363
 2.2575   385
   2.26   399
 2.2625   385
  2.265   372
 2.2675   390
   2.27   387
 2.2725   369
  2.275   351
 2.2775   378
   2.28   382
 2.2825   366
  2.285   371
 2.2875   368
   2.29   377
 2.2925   381
  2.295   350
 2.2975   347
    2.3   354
 2.3025   354
  2.305   369
 2.3075   366
   2.31   334
 2.3125   347
  2.315   346
 2.3175   325
   2.32   328
 2.3225   328
  2.325   315
 2.3275   319
   2.33   330
 2.3325   339
  2.335   343
 2.3375   321
   2.34   309
 2.3425   306
  2.345   300
 2.3475   306
   2.35   317
 2.3525   323
  2.355   307
 2.3575   297
   2.36   303
 2.3625   303
  2.365   306
 2.3675   317
   2.37   330
 2.3725   320
  2.375   300
 2.3775   297
   2.38   298
 2.3825   309
  2.385   317
 2.3875   316
   2.39   321
 2.3925   315
  2.395   310
 2.3975   300
    2.4   285
 2.4025   300
  2.405   300
 2.4075   304
   2.41   293
 2.4125   281
  2.415   301
 2.4175   304
   2.42   299
 2.4225   298
  2.425   307
 2.4275   297
   2.43   275
 2.4325   299
  2.435   299
 2.4375   271
   2.44   268
 2.4425   282
  2.445   292
 2.4475   289
 2.4501   296
 2.4526   279
 2.4551   269
 2.4576   254
 2.4601   274
 2.4626   297
 2.4651   279
 2.4676   279
 2.4701   289
 2.4726   302
 2.4751   289
 2.4776   290
 2.4801   284
 2.4826   282
 2.4851   287
 2.4876   275
 2.4901   280
 2.4926   272
 2.4951   277
 2.4976   284
 2.5001   253
 2.5026   276
 2.5051   269
 2.5076   286
 2.5101   303
 2.5126   304
 2.5151   289
 2.5176   252
 2.5201   261
 2.5226   288
 2.5251   287
 2.5276   261
 2.5301   262
 2.5326   259
 2.5351   273
 2.5376   274
 2.5401   263
 2.5426   276
 2.5451   270
 2.5476   261
 2.5501   251
 2.5526   263
 2.5551   262
 2.5576   272
 2.5601   279
 2.5626   273
 2.5651   261
 2.5676   273
 2.5701   270
 2.5726   267
 2.5751   266
 2.5776   258
 2.5801   266
 2.5826   235
 2.5851   262
 2.5876   278
 2.5901   287
 2.5926   259
 2.5951   266
 2.5976   253
 2.6001   254
 2.6026   266
 2.6051   263
 2.6076   252
 2.6101   225
 2.6126   275
 2.6151   280
 2.6176   254
 2.6201   273
 2.6226   291
 2.6251   260
 2.6276   275
 2.6301   275
 2.6326   284
 2.6351   247
 2.6376   254
 2.6401   253
 2.6426   271
 2.6451   249
 2.6476   250
 2.6501   265
 2.6526   239
 2.6551   240
 2.6577   262
 2.6602   265
 2.6627   240
 2.6652   274
 2.6677   264
 2.6702   254
 2.6727   260
 2.6752   255
 2.6777   265
 2.6802   256
 2.6827   226
 2.6852   259
 2.6877   240
 2.6902   257
 2.6927   241
 2.6952   241
 2.6977   242
 2.7002   261
 2.7027   240
 2.7052   230
 2.7077   258
 2.7102   252
 2.7127   237
 2.7152   255
 2.7177   233
 2.7202   245
 2.7227   264
 2.7252   273
 2.7277   245
 2.7302   258
 2.7327   237
 2.7352   237
 2.7377   244
 2.7402   267
 2.7427   242
 2.7452   253
 2.7477   245
 2.7502   245
 2.7527   290
 2.7552   247
 2.7577   264
 2.7602   235
 2.7627   228
 2.7652   243
 2.7677   291
 2.7702   229
 2.7727   242
 2.7752   255
 2.7777   225
 2.7802   204
 2.7827   256
 2.7852   243
 2.7877   236
 2.7902   232
 2.7927   248
 2.7952   257
 2.7977   246
 2.8002   243
 2.8027   237
 2.8052   234
 2.8077   246
 2.8102   237
 2.8127   240
 2.8152   248
 2.8177   234
 2.8202   251
 2.8227   239
 2.8252   240
 2.8277   230
 2.8302   231
 2.8327   255
 2.8352   272
 2.8377   239
 2.8402   222
 2.8427   260
 2.8452   252
 2.8477   230
 2.8502   271
 2.8527   252
 2.8552   225
 2.8577   230
 2.8602   234
 2.8627   242
 2.8652   243
 2.8678   254
 2.8703   250
 2.8728   265
 2.8753   237
 2.8778   244
 2.8803   216
 2.8828   257
 2.8853   249
 2.8878   268
 2.8903   263
 2.8928   266
 2.8953   242
 2.8978   259
 2.9003   275
 2.9028   267
 2.9053   276
 2.9078   277
 2.9103   287
 2.9128   270
 2.9153   257
 2.9178   280
 2.9203   310
 2.9228   314
 2.9253   282
 2.9278   311
 2.9303   334
 2.9328   316
 2.9353   326
 2.9378   316
 2.9403   368
 2.9428   362
 2.9453   372
 2.9478   356
 2.9503   343
 2.9528   346
 2.9553   373
 2.9578   407
 2.9603   353
 2.9628   356
 2.9653   373
 2.9678   381
 2.9703   367
 2.9728   366
 2.9753   377
 2.9778   386
 2.9803   406
 2.9828   368
 2.9853   362
 2.9878   372
 2.9903   365
 2.9928   355
 2.9953   352
 2.9978   345
 3.0003   344
 3.0028   348
 3.0053   318
 3.0078   315
 3.0103   306
 3.0128   314
 3.0153   314
 3.0178   313
 3.0203   319
 3.0228   284
 3.0253   286
 3.0278   275
 3.0303   263
 3.0328   259
 3.0353   249
 3.0378   267
 3.0403   256
 3.0428   250
 3.0453   252
 3.0478   238
 3.0503   225
 3.0528   245
 3.0553   232
 3.0578   228
 3.0603   238
 3.0628   238
 3.0653   228
 3.0678   224
 3.0703   216
 3.0728   225
 3.0754   214
 3.0779   213
 3.0804   217
 3.0829   232
 3.0854   220
 3.0879   217
 3.0904   218
 3.0929   215
 3.0954   218
 3.0979   205
 3.1004   218
 3.1029   222
 3.1054   215
 3.1079   221
 3.1104   210
 3.1129   211
 3.1154   224
 3.1179   224
 3.1204   196
 3.1229   191
 3.1254   197
 3.1279   212
 3.1304   222
 3.1329   208
 3.1354   199
 3.1379   206
 3.1404   204
 3.1429   207
 3.1454   212
 3.1479   206
 3.1504   208
 3.1529   199
 3.1554   205
 3.1579   201
 3.1604   186
 3.1629   195
 3.1654   210
 3.1679   220
 3.1704   223
 3.1729   203
 3.1754   185
 3.1779   202
 3.1804   199
 3.1829   190
 3.1854   195
 3.1879   216
 3.1904   224
 3.1929   198
 3.1954   197
 3.1979   205
 3.2004   200
 3.2029   195
 3.2054   196
 3.2079   194
 3.2104   204
 3.2129   201
 3.2154   183
 3.2179   198
 3.2204   207
 3.2229   209
 3.2254   187
 3.2279   185
 3.2304   213
 3.2329   201
 3.2354   200
 3.2379   184
 3.2404   182
 3.2429   200
 3.2454   194
 3.2479   190
 3.2504   194
 3.2529   199
 3.2554   185
 3.2579   180
 3.2604   185
 3.2629   181
 3.2654   193
 3.2679   201
 3.2704   178
 3.2729   184
 3.2754   199
 3.2779   186
 3.2804   174
  3.283   182
 3.2855   190
  3.288   204
 3.2905   208
  3.293   186
 3.2955   184
  3.298   209
 3.3005   200
  3.303   189
 3.3055   204
  3.308   205
 3.3105   181
  3.313   186
 3.3155   185
  3.318   181
 3.3205   182
  3.323   177
 3.3255   175
  3.328   174
 3.3305   177
  3.333   176
 3.3355   180
  3.338   180
 3.3405   167
  3.343   179
 3.3455   186
  3.348   184
 3.3505   180
  3.353   184
 3.3555   194
  3.358   200
 3.3605   197
  3.363   180
 3.3655   173
  3.368   178
 3.3705   189
  3.373   181
 3.3755   174
  3.378   187
 3.3805   184
  3.383   188
 3.3855   186
  3.388   180
 3.3905   193
  3.393   197
 3.3955   187
  3.398   176
 3.4005   167
  3.403   171
 3.4055   168
  3.408   160
 3.4105   176
  3.413   180
 3.4155   164
  3.418   166
 3.4205   180
  3.423   193
 3.4255   193
  3.428   184
 3.4305   176
  3.433   167
 3.4355   167
  3.438   173
 3.4405   182
  3.443   192
 3.4455   182
  3.448   175
 3.4505   192
  3.453   181
 3.4555   179
  3.458   191
 3.4605   185
  3.463   176
 3.4655   177
  3.468   189
 3.4705   185
  3.473   172
 3.4755   175
  3.478   170
 3.4805   173
  3.483   177
 3.4855   172
  3.488   174
 3.4905   180
 3.4931   181
 3.4956   189
 3.4981   187
 3.5006   190
 3.5031   183
 3.5056   159
 3.5081   156
 3.5106   183
 3.5131   199
 3.5156   172
 3.5181   181
 3.5206   194
 3.5231   191
 3.5256   185
 3.5281   175
 3.5306   177
 3.5331   177
 3.5356   163
 3.5381   164
 3.5406   165
 3.5431   155
 3.5456   184
 3.5481   199
 3.5506   170
 3.5531   165
 3.5556   182
 3.5581   178
 3.5606   178
 3.5631   178
 3.5656   168
 3.5681   172
 3.5706   166
 3.5731   168
 3.5756   169
 3.5781   165
 3.5806   161
 3.5831   175
 3.5856   176
 3.5881   180
 3.5906   168
 3.5931   168
 3.5956   181
 3.5981   158
 3.6006   170
 3.6031   173
 3.6056   164
 3.6081   152
 3.6106   176
 3.6131   170
 3.6156   154
 3.6181   144
 3.6206   160
 3.6231   181
 3.6256   158
 3.6281   153
 3.6306   171
 3.6331   172
 3.6356   171
 3.6381   167
 3.6406   167
 3.6431   161
 3.6456   161
 3.6481   158
 3.6506   158
 3.6531   170
 3.6556   170
 3.6581   168
 3.6606   163
 3.6631   151
 3.6656   161
 3.6681   172
 3.6706   178
 3.6731   182
 3.6756   163
 3.6781   177
 3.6806   160
 3.6831   145
 3.6856   161
 3.6881   150
 3.6906   182
 3.6931   168
 3.6956   161
 3.6981   149
 3.7007   161
 3.7032   176
 3.7057   160
 3.7082   164
 3.7107   154
 3.7132   157
 3.7157   163
 3.7182   144
 3.7207   155
 3.7232   152
 3.7257   159
 3.7282   156
 3.7307   167
 3.7332   179
 3.7357   148
 3.7382   163
 3.7407   180
 3.7432   151
 3.7457   160
 3.7482   144
 3.7507   156
 3.7532   137
 3.7557   174
 3.7582   181
 3.7607   162
 3.7632   162
 3.7657   174
 3.7682   170
 3.7707   171
 3.7732   152
 3.7757   144
 3.7782   163
 3.7807   147
 3.7832   142
 3.7857   166
 3.7882   156
 3.7907   167
 3.7932   160
 3.7957   178
 3.7982   166
 3.8007   170
 3.8032   160
 3.8057   153
 3.8082   146
 3.8107   154
 3.8132   155
 3.8157   129
 3.8182   146
 3.8207   139
 3.8232   163
 3.8257   149
 3.8282   163
 3.8307   126
 3.8332   155
 3.8357   127
 3.8382   148
 3.8407   141
 3.8432   138
 3.8457   161
 3.8482   149
 3.8507   161
 3.8532   155
 3.8557   161
 3.8582   158
 3.8607   152
 3.8632   152
 3.8657   150
 3.8682   152
 3.8707   131
 3.8732   153
 3.8757   134
 3.8782   173
 3.8807   144
 3.8832   171
 3.8857   144
 3.8882   169
 3.8907   142
 3.8932   145
 3.8957   166
 3.8982   149
 3.9007   155
 3.9032   166
 3.9057   146
 3.9083   154
 3.9108   161
 3.9133   141
 3.9158   129
 3.9183   156
 3.9208   142
 3.9233   140
 3.9258   159
 3.9283   145
 3.9308   140
 3.9333   134
 3.9358   130
 3.9383   136
 3.9408   164
 3.9433   144
 3.9458   129
 3.9483   158
 3.9508   161
 3.9533   149
 3.9558   119
 3.9583   140
 3.9608   142
 3.9633   157
 3.9658   147
 3.9683   164
 3.9708   144
 3.9733   160
 3.9758   176
 3.9783   142
 3.9808   152
 3.9833   131
 3.9858   163
 3.9883   171
 3.9908   131
 3.9933   139
 3.9958   132
 3.9983   141
 4.0008   138
 4.0033   147
 4.0058   150
 4.0083   132
 4.0108   139
 4.0133   143
 4.0158   166
 4.0183   136
 4.0208   146
 4.0233   133
 4.0258   154
 4.0283   146
 4.0308   151
 4.0333   148
 4.0358   155
 4.0383   128
 4.0408   143
 4.0433   145
 4.0458   159
 4.0483   131
 4.0508   125
 4.0533   130
 4.0558   142
 4.0583   154
 4.0608   137
 4.0633   149
 4.0658   146
 4.0683   142
 4.0708   142
 4.0733   150
 4.0758   142
 4.0783   128
 4.0808   163
 4.0833   147
 4.0858   150
 4.0883   156
 4.0908   140
 4.0933   149
 4.0958   138
 4.0983   139
 4.1008   126
 4.1033   131
 4.1058   126
 4.1083   143
 4.1108   135
 4.1133   133
 4.1158   156
 4.1184   151
 4.1209   156
 4.1234   141
 4.1259   129
 4.1284   124
 4.1309   126
 4.1334   121
 4.1359   132
 4.1384   129
 4.1409   137
 4.1434   151
 4.1459   140
 4.1484   123
 4.1509   128
 4.1534   139
 4.1559   147
 4.1584   145
 4.1609   143
 4.1634   140
 4.1659   131
 4.1684   134
 4.1709   130
 4.1734   122
 4.1759   126
 4.1784   123
 4.1809   124
 4.1834   128
 4.1859   120
 4.1884   135
 4.1909   130
 4.1934   119
 4.1959   121
 4.1984   124
 4.2009   123
 4.2034   122
 4.2059   133
 4.2084   131
 4.2109   121
 4.2134   118
 4.2159   120
 4.2184   111
 4.2209   119
 4.2234   132
 4.2259   121
 4.2284   131
 4.2309   134
 4.2334   140
 4.2359   136
 4.2384   130
 4.2409   133
 4.2434   128
 4.2459   127
 4.2484   123
 4.2509   118
 4.2534   118
 4.2559   129
 4.2584   128
 4.2609   119
 4.2634   119
 4.2659   113
 4.2684   112
 4.2709   133
 4.2734   133
 4.2759   134
 4.2784   129
 4.2809   137
 4.2834   133
 4.2859   111
 4.2884   137
 4.2909   144
 4.2934   129
 4.2959   122
 4.2984   136
 4.3009   151
 4.3034   139
 4.3059   130
 4.3084   126
 4.3109   137
 4.3134   149
 4.3159   150
 4.3184   129
 4.3209   128
 4.3234   139
  4.326   127
 4.3285   114
  4.331   118
 4.3335   124
  4.336   122
 4.3385   130
  4.341   141
 4.3435   141
  4.346   140
 4.3485   133
  4.351   137
 4.3535   138
  4.356   138
 4.3585   131
  4.361   149
 4.3635   151
  4.366   144
 4.3685   147
  4.371   138
 4.3735   138
  4.376   143
 4.3785   134
  4.381   149
 4.3835   157
  4.386   152
 4.3885   170
  4.391   176
 4.3935   193
  4.396   203
 4.3985   193
  4.401   204
 4.4035   210
  4.406   195
 4.4085   199
  4.411   223
 4.4135   235
  4.416   242
 4.4185   259
  4.421   279
 4.4235   297
  4.426   302
 4.4285   301
  4.431   322
 4.4335   347
  4.436   367
 4.4385   393
  4.441   419
 4.4435   447
  4.446   455
 4.4485   463
  4.451   512
 4.4535   522
  4.456   529
 4.4585   559
  4.461   578
 4.4635   608
  4.466   632
 4.4685   656
  4.471   666
 4.4735   706
  4.476   733
 4.4785   748
  4.481   774
 4.4835   781
  4.486   792
 4.4885   824
  4.491   831
 4.4935   821
  4.496   863
 4.4985   868
  4.501   825
 4.5035   785
  4.506   810
 4.5085   850
  4.511   851
 4.5135   852
  4.516   833
 4.5185   836
  4.521   848
 4.5235   834
  4.526   786
 4.5285   763
  4.531   799
 4.5336   760
 4.5361   683
 4.5386   675
 4.5411   721
 4.5436   705
 4.5461   645
 4.5486   589
 4.5511   589
 4.5536   558
 4.5561   543
 4.5586   542
 4.5611   496
 4.5636   477
 4.5661   469
 4.5686   444
 4.5711   412
 4.5736   401
 4.5761   366
 4.5786   314
 4.5811   316
 4.5836   322
 4.5861   313
 4.5886   280
 4.5911   253
 4.5936   271
 4.5961   246
 4.5986   233
 4.6011   229
 4.6036   215
 4.6061   219
 4.6086   218
 4.6111   203
 4.6136   184
 4.6161   188
 4.6186   155
 4.6211   160
 4.6236   156
 4.6261   143
 4.6286   142
 4.6311   146
 4.6336   147
 4.6361   144
 4.6386   145
 4.6411   131
 4.6436   133
 4.6461   132
 4.6486   118
 4.6511   126
 4.6536   146
 4.6561   122
 4.6586   122
 4.6611   126
 4.6636   136
 4.6661   131
 4.6686   121
 4.6711   129
 4.6736   120
 4.6761   114
 4.6786   119
 4.6811   124
 4.6836   126
 4.6861   122
 4.6886   103
 4.6911    97
 4.6936   116
 4.6961   127
 4.6986   120
 4.7011   112
 4.7036   127
 4.7061   123
 4.7086   130
 4.7111   101
 4.7136   114
 4.7161   123
 4.7186   119
 4.7211   126
 4.7236   125
 4.7261   119
 4.7286   123
 4.7311   120
 4.7336   134
 4.7361   126
 4.7386   107
 4.7411    96
 4.7437   127
 4.7462   119
 4.7487   103
 4.7512    99
 4.7537   127
 4.7562   118
 4.7587   123
 4.7612   136
 4.7637   127
 4.7662   136
 4.7687   138
 4.7712   130
 4.7737   117
 4.7762   111
 4.7787   121
 4.7812   121
 4.7837   119
 4.7862   135
 4.7887   111
 4.7912   144
 4.7937   131
 4.7962   119
 4.7987   130
 4.8012   110
 4.8037   115
 4.8062   124
 4.8087   120
 4.8112   134
 4.8137   128
 4.8162   130
 4.8187   137
 4.8212   130
 4.8237   126
 4.8262   129
 4.8287   131
 4.8312   123
 4.8337   140
 4.8362   129
 4.8387   120
 4.8412   133
 4.8437   122
 4.8462   138
 4.8487   143
 4.8512   146
 4.8537   142
 4.8562   151
 4.8587   156
 4.8612   131
 4.8637   164
 4.8662   145
 4.8687   166
 4.8712   156
 4.8737   162
 4.8762   159
 4.8787   145
 4.8812   174
 4.8837   144
 4.8862   167
 4.8887   181
 4.8912   165
 4.8937   163
 4.8962   164
 4.8987   188
 4.9012   179
 4.9037   192
 4.9062   184
 4.9087   172
 4.9112   212
 4.9137   185
 4.9162   190
 4.9187   211
 4.9212   204
 4.9237   166
 4.9262   226
 4.9287   188
 4.9312   214
 4.9337   195
 4.9362   199
 4.9387   207
 4.9412   195
 4.9437   196
 4.9462   198
 4.9487   168
 4.9513   185
 4.9538   199
 4.9563   180
 4.9588   185
 4.9613   162
 4.9638   167
 4.9663   191
 4.9688   190
 4.9713   173
 4.9738   170
 4.9763   143
 4.9788   149
 4.9813   156
 4.9838   173
 4.9863   157
 4.9888   153
 4.9913   139
 4.9938   144
 4.9963   164
 4.9988   150
 5.0013   126
 5.0038   130
 5.0063   144
 5.0088   132
 5.0113   127
 5.0138   142
 5.0163   123
 5.0188   115
 5.0213   117
 5.0238    99
 5.0263   106
 5.0288   103
 5.0313   114
 5.0338   120
 5.0363   113
 5.0388   109
 5.0413   105
 5.0438   112
 5.0463   112
 5.0488    95
 5.0513   107
 5.0538   111
 5.0563   104
 5.0588   101
 5.0613   100
 5.0638    95
 5.0663   107
 5.0688   110
 5.0713    92
 5.0738    91
 5.0763   109
 5.0788   102
 5.0813   102
 5.0838    97
 5.0863   107
 5.0888    98
 5.0913   103
 5.0938    99
 5.0963   113
 5.0988    99
 5.1013    91
 5.1038    88
 5.1063   103
 5.1088    94
 5.1113   104
 5.1138    99
 5.1163    95
 5.1188   113
 5.1213   103
 5.1238    97
 5.1263    96
 5.1288   104
 5.1313    98
 5.1338   101
 5.1363   102
 5.1388   104
 5.1413    98
 5.1438   104
 5.1463   105
 5.1488   108
 5.1513   103
 5.1538    94
 5.1563   111
 5.1589   105
 5.1614    83
 5.1639    90
 5.1664   102
 5.1689   102
 5.1714    94
 5.1739    89
 5.1764    87
 5.1789    99
 5.1814    99
 5.1839    88
 5.1864    90
 5.1889    96
 5.1914    96
 5.1939    93
 5.1964   104
 5.1989   104
 5.2014   106
 5.2039   103
 5.2064    99
 5.2089    84
 5.2114    85
 5.2139    98
 5.2164    86
 5.2189    82
 5.2214    94
 5.2239   102
 5.2264    95
 5.2289    96
 5.2314   103
 5.2339   101
 5.2364    88
 5.2389   109
 5.2414    96
 5.2439    85
 5.2464    86
 5.2489    89
 5.2514    90
 5.2539    88
 5.2564    89
 5.2589    94
 5.2614    87
 5.2639    81
 5.2664    89
 5.2689    95
 5.2714    90
 5.2739    91
 5.2764    98
 5.2789    89
 5.2814    93
 5.2839    99
 5.2864    83
 5.2889    86
 5.2914    89
 5.2939    87
 5.2964    81
 5.2989    78
 5.3014    81
 5.3039    99
 5.3064    99
 5.3089   100
 5.3114   101
 5.3139    91
 5.3164    92
 5.3189   103
 5.3214    92
 5.3239    79
 5.3264    87
 5.3289    86
 5.3314    91
 5.3339    93
 5.3364    90
 5.3389    86
 5.3414    85
 5.3439    94
 5.3464    96
 5.3489   100
 5.3514   101
 5.3539   112
 5.3564   108
 5.3589   100
 5.3614   102
 5.3639   102
 5.3664    92
  5.369    79
 5.3715    91
  5.374   102
 5.3765    88
  5.379    81
 5.3815    99
  5.384    96
 5.3865    92
  5.389    96
 5.3915    98
  5.394   100
 5.3965    87
  5.399    93
 5.4015    97
  5.404    92
 5.4065    98
  5.409    97
 5.4115   101
  5.414    99
 5.4165    89
  5.419    93
 5.4215   101
  5.424   104
 5.4265   101
  5.429    97
 5.4315    97
  5.434    95
 5.4365    88
  5.439    93
 5.4415   102
  5.444   102
 5.4465    95
  5.449    84
 5.4515    82
  5.454    75
 5.4565    83
  5.459    93
 5.4615    86
  5.464    80
 5.4665    90
  5.469    96
 5.4715    95
  5.474    95
 5.4765    86
  5.479    78
 5.4815    89
  5.484    90
 5.4865    85
  5.489    81
 5.4915    88
  5.494    95
 5.4965    93
  5.499    78
 5.5015    65
  5.504    91
 5.5065    96
  5.509    89
 5.5115    85
  5.514    90
 5.5165    93
  5.519    71
 5.5215    76
  5.524    79
 5.5265    73
  5.529    86
 5.5315    84
  5.534    89
 5.5365    86
  5.539    85
 5.5415    86
  5.544    83
 5.5465    83
  5.549    73
 5.5515    81
  5.554    95
 5.5565    85
  5.559    83
 5.5615    89
  5.564    92
 5.5665    84
  5.569    81
 5.5715    77
  5.574    90
 5.5766    89
 5.5791    76
 5.5816    76
 5.5841    82
 5.5866    79
 5.5891    75
 5.5916    68
 5.5941    80
 5.5966    91
 5.5991    89
 5.6016    79
 5.6041    82
 5.6066    76
 5.6091    66
 5.6116    82
 5.6141    82
 5.6166    91
 5.6191    92
 5.6216    85
 5.6241    85
 5.6266    85
 5.6291    87
 5.6316    81
 5.6341    74
 5.6366    89
 5.6391    89
 5.6416    76
 5.6441    79
 5.6466    75
 5.6491    77
 5.6516    72
 5.6541    82
 5.6566    85
 5.6591    82
 5.6616    69
 5.6641    70
 5.6666    77
 5.6691    76
 5.6716    79
 5.6741    74
 5.6766    85
 5.6791    84
 5.6816    76
 5.6841    77
 5.6866    86
 5.6891    80
 5.6916    83
 5.6941    86
 5.6966    82
 5.6991    74
 5.7016    70
 5.7041    71
 5.7066    91
 5.7091    66
 5.7116    72
 5.7141    72
 5.7166    70
 5.7191    73
 5.7216    74
 5.7241    86
 5.7266    76
 5.7291    82
 5.7316    87
 5.7341    86
 5.7366    70
 5.7391    81
 5.7416    77
 5.7441    64
 5.7466    73
 5.7491    74
 5.7516    77
 5.7541    85
 5.7566    74
 5.7591    66
 5.7616    76
 5.7641    80
 5.7666    72
 5.7691    87
 5.7716    69
 5.7741    80
 5.7766    69
 5.7791    72
 5.7816    83
 5.7842    77
 5.7867    67
 5.7892    83
 5.7917    78
 5.7942    87
 5.7967    73
 5.7992    67
 5.8017    61
 5.8042    76
 5.8067    77
 5.8092    65
 5.8117    58
 5.8142    84
 5.8167    72
 5.8192    78
 5.8217    66
 5.8242    78
 5.8267    78
 5.8292    76
 5.8317    92
 5.8342    72
 5.8367    62
 5.8392    71
 5.8417    79
 5.8442    73
 5.8467    89
 5.8492    90
 5.8517    77
 5.8542    72
 5.8567    68
 5.8592    92
 5.8617    79
 5.8642    93
 5.8667    71
 5.8692    74
 5.8717    67
 5.8742    85
 5.8767    68
 5.8792    80
 5.8817    74
 5.8842    70
 5.8867    74
 5.8892    65
 5.8917    75
 5.8942    67
 5.8967    69
 5.8992    71
 5.9017    79
 5.9042    73
 5.9067    79
 5.9092    67
 5.9117    90
 5.9142    79
 5.9167    59
 5.9192    91
 5.9217    79
 5.9242    74
 5.9267    73
 5.9292    73
 5.9317    71
 5.9342    59
 5.9367    77
 5.9392    62
 5.9417    74
 5.9442    86
 5.9467    91
 5.9492    80
 5.9517    81
 5.9542    91
 5.9567    73
 5.9592    78
 5.9617    75
 5.9642    82
 5.9667    59
 5.9692    78
 5.9717    66
 5.9742    71
 5.9767    66
 5.9792    67
 5.9817    71
 5.9842    50
 5.9867    71
 5.9892    72
 5.9917    61
 5.9943    83
 5.9968    67
 5.9993    64
 6.0018    88
 6.0043    63
 6.0068    60
 6.0093    72
 6.0118    70
 6.0143    73
 6.0168    73
 6.0193    66
 6.0218    87
 6.0243    68
 6.0268    93
 6.0293    68
 6.0318    89
 6.0343    79
 6.0368    60
 6.0393    61
 6.0418    71
 6.0443    66
 6.0468    67
 6.0493    78
 6.0518    72
 6.0543    73
 6.0568    76
 6.0593    75
 6.0618    64
 6.0643    70
 6.0668    65
 6.0693    70
 6.0718    73
 6.0743    57
 6.0768    62
 6.0793    50
 6.0818    58
 6.0843    60
 6.0868    58
 6.0893    74
 6.0918    70
 6.0943    59
 6.0968    61
 6.0993    75
 6.1018    64
 6.1043    58
 6.1068    65
 6.1093    79
 6.1118    74
 6.1143    62
 6.1168    77
 6.1193    70
 6.1218    64
 6.1243    56
 6.1268    70
 6.1293    71
 6.1318    64
 6.1343    67
 6.1368    59
 6.1393    71
 6.1418    59
 6.1443    81
 6.1468    77
 6.1493    67
 6.1518    72
 6.1543    71
 6.1568    60
 6.1593    59
 6.1618    69
 6.1643    73
 6.1668    54
 6.1693    61
 6.1718    67
 6.1743    62
 6.1768    86
 6.1793    67
 6.1818    80
 6.1843    53
 6.1868    67
 6.1893    51
 6.1918    66
 6.1943    61
 6.1968    67
 6.1993    76
 6.2019    51
 6.2044    66
 6.2069    66
 6.2094    57
 6.2119    73
 6.2144    75
 6.2169    80
 6.2194    59
 6.2219    50
 6.2244    55
 6.2269    72
 6.2294    61
 6.2319    82
 6.2344    73
 6.2369    76
 6.2394    58
 6.2419    62
 6.2444    76
 6.2469    72
 6.2494    62
 6.2519    56
 6.2544    72
 6.2569    65
 6.2594    63
 6.2619    66
 6.2644    80
 6.2669    68
 6.2694    57
 6.2719    62
 6.2744    77
 6.2769    62
 6.2794    64
 6.2819    69
 6.2844    78
 6.2869    56
 6.2894    77
 6.2919    64
 6.2944    79
 6.2969    85
 6.2994    88
 6.3019    71
 6.3044    76
 6.3069    60
 6.3094    69
 6.3119    60
 6.3144    78
 6.3169    87
 6.3194    55
 6.3219    73
 6.3244    83
 6.3269    69
 6.3294    64
 6.3319    69
 6.3344    67
 6.3369    69
 6.3394    75
 6.3419    84
 6.3444    71
 6.3469    77
 6.3494    82
 6.3519    63
 6.3544    64
 6.3569    69
 6.3594    85
 6.3619    70
 6.3644   101
 6.3669    84
 6.3694    86
 6.3719    83
 6.3744    89
 6.3769    87
 6.3794    85
 6.3819    80
 6.3844    79
 6.3869    82
 6.3894    86
 6.3919    94
 6.3944    84
 6.3969    68
 6.3994   102
 6.4019   102
 6.4044    86
 6.4069   102
 6.4095    78
  6.412    78
 6.4145    64
  6.417    68
 6.4195    90
  6.422    95
 6.4245    76
  6.427    88
 6.4295    90
  6.432   102
 6.4345    73
  6.437    94
 6.4395    68
  6.442    93
 6.4445    72
  6.447    74
 6.4495    72
  6.452    60
 6.4545    66
  6.457    76
 6.4595    70
  6.462    75
 6.4645    69
  6.467    61
 6.4695    69
  6.472    66
 6.4745    77
  6.477    76
 6.4795    69
  6.482    74
 6.4845    72
  6.487    77
 6.4895    66
  6.492    63
 6.4945    46
  6.497    76
 6.4995    58
  6.502    58
 6.5045    61
  6.507    71
 6.5095    62
  6.512    45
 6.5145    61
  6.517    57
 6.5195    51
  6.522    71
 6.5245    58
  6.527    38
 6.5295    60
  6.532    63
 6.5345    53
  6.537    60
 6.5395    63
  6.542    65
 6.5445    56
  6.547    57
 6.5495    49
  6.552    58
 6.5545    53
  6.557    61
 6.5595    52
  6.562    56
 6.5645    50
  6.567    63
 6.5695    57
  6.572    67
 6.5745    48
  6.577    65
 6.5795    66
  6.582    66
 6.5845    63
  6.587    69
 6.5895    64
  6.592    50
 6.5945    71
  6.597    47
 6.5995    56
  6.602    68
 6.6045    46
  6.607    65
 6.6095    58
  6.612    58
 6.6145    56
  6.617    52
 6.6196    51
 6.6221    61
 6.6246    59
 6.6271    50
 6.6296    64
 6.6321    52
 6.6346    77
 6.6371    54
 6.6396    63
 6.6421    59
 6.6446    67
 6.6471    61
 6.6496    60
 6.6521    63
 6.6546    52
 6.6571    48
 6.6596    48
 6.6621    65
 6.6646    51
 6.6671    46
 6.6696    62
 6.6721    54
 6.6746    49
 6.6771    57
 6.6796    63
 6.6821    51
 6.6846    39
 6.6871    51
 6.6896    59
 6.6921    54
 6.6946    52
 6.6971    54
 6.6996    60
 6.7021    37
 6.7046    47
 6.7071    52
 6.7096    63
 6.7121    44
 6.7146    58
 6.7171    68
 6.7196    58
 6.7221    48
 6.7246    56
 6.7271    58
 6.7296    45
 6.7321    60
 6.7346    56
 6.7371    65
 6.7396    45
 6.7421    55
 6.7446    56
 6.7471    47
 6.7496    60
 6.7521    53
 6.7546    59
 6.7571    52
 6.7596    50
 6.7621    52
 6.7646    55
 6.7671    52
 6.7696    62
 6.7721    51
 6.7746    51
 6.7771    49
 6.7796    66
 6.7821    55
 6.7846    61
 6.7871    51
 6.7896    47
 6.7921    62
 6.7946    45
 6.7971    47
 6.7996    53
 6.8021    53
 6.8046    45
 6.8071    48
 6.8096    57
 6.8121    62
 6.8146    55
 6.8171    44
 6.8196    58
 6.8221    41
 6.8246    49
 6.8272    53
 6.8297    49
 6.8322    48
 6.8347    44
 6.8372    40
 6.8397    57
 6.8422    57
 6.8447    55
 6.8472    50
 6.8497    54
 6.8522    43
 6.8547    61
 6.8572    56
 6.8597    57
 6.8622    52
 6.8647    58
 6.8672    56
 6.8697    55
 6.8722    58
 6.8747    47
 6.8772    47
 6.8797    38
 6.8822    53
 6.8847    42
 6.8872    48
 6.8897    42
 6.8922    42
 6.8947    60
 6.8972    56
 6.8997    55
 6.9022    66
 6.9047    45
 6.9072    50
 6.9097    42
 6.9122    59
 6.9147    64
 6.9172    50
 6.9197    46
 6.9222    53
 6.9247    57
 6.9272    53
 6.9297    53
 6.9322    46
 6.9347    54
 6.9372    49
 6.9397    45
 6.9422    51
 6.9447    48
 6.9472    50
 6.9497    52
 6.9522    36
 6.9547    57
 6.9572    54
 6.9597    55
 6.9622    49
 6.9647    51
 6.9672    41
 6.9697    50
 6.9722    48
 6.9747    44
 6.9772    41
 6.9797    37
 6.9822    48
 6.9847    53
 6.9872    58
 6.9897    42
 6.9922    49
 6.9947    47
 6.9972    52
 6.9997    51
 7.0022    63
 7.0047    40
 7.0072    34
 7.0097    65
 7.0122    48
 7.0147    49
 7.0172    52
 7.0197    55
 7.0222    62
 7.0247    51
 7.0272    55
 7.0297    56
 7.0322    56
 7.0348    59
 7.0373    53
 7.0398    57
 7.0423    48
 7.0448    63
 7.0473    54
 7.0498    38
 7.0523    50
 7.0548    45
 7.0573    65
 7.0598    40
 7.0623    54
 7.0648    39
 7.0673    40
 7.0698    48
 7.0723    35
 7.0748    32
 7.0773    60
 7.0798    41
 7.0823    48
 7.0848    41
 7.0873    49
 7.0898    62
 7.0923    47
 7.0948    51
 7.0973    37
 7.0998    51
 7.1023    56
 7.1048    50
 7.1073    51
 7.1098    51
 7.1123    53
 7.1148    50
 7.1173    50
 7.1198    40
 7.1223    49
 7.1248    42
 7.1273    55
 7.1298    46
 7.1323    46
 7.1348    54
 7.1373    37
 7.1398    47
 7.1423    44
 7.1448    49
 7.1473    53
 7.1498    56
 7.1523    43
 7.1548    46
 7.1573    50
 7.1598    51
 7.1623    50
 7.1648    39
 7.1673    52
 7.1698    41
 7.1723    48
 7.1748    50
 7.1773    47
 7.1798    35
 7.1823    46
 7.1848    47
 7.1873    39
 7.1898    51
 7.1923    45
 7.1948    41
 7.1973    52
 7.1998    49
 7.2023    34
 7.2048    46
 7.2073    52
 7.2098    42
 7.2123    48
 7.2148    47
 7.2173    50
 7.2198    41
 7.2223    41
 7.2248    43
 7.2273    37
 7.2298    44
 7.2323    41
 7.2348    37
 7.2373    36
 7.2398    51
 7.2423    50
 7.2449    51
 7.2474    42
 7.2499    41
 7.2524    40
 7.2549    46
 7.2574    45
 7.2599    32
 7.2624    31
 7.2649    35
 7.2674    37
 7.2699    40
 7.2724    45
 7.2749    50
 7.2774    40
 7.2799    40
 7.2824    40
 7.2849    45
 7.2874    52
 7.2899    34
 7.2924    37
 7.2949    39
 7.2974    52
 7.2999    55
 7.3024    36
 7.3049    52
 7.3074    39
 7.3099    33
 7.3124    44
 7.3149    31
 7.3174    41
 7.3199    28
 7.3224    43
 7.3249    37
 7.3274    41
 7.3299    34
 7.3324    39
 7.3349    46
 7.3374    43
 7.3399    43
 7.3424    41
 7.3449    39
 7.3474    28
 7.3499    40
 7.3524    41
 7.3549    34
 7.3574    45
 7.3599    44
 7.3624    40
 7.3649    43
 7.3674    49
 7.3699    49
 7.3724    45
 7.3749    33
 7.3774    25
 7.3799    41
 7.3824    49
 7.3849    28
 7.3874    43
 7.3899    31
 7.3924    42
 7.3949    48
 7.3974    44
 7.3999    33
 7.4024    38
 7.4049    38
 7.4074    37
 7.4099    36
 7.4124    40
 7.4149    44
 7.4174    35
 7.4199    38
 7.4224    34
 7.4249    33
 7.4274    29
 7.4299    46
 7.4324    31
 7.4349    44
 7.4374    51
 7.4399    44
 7.4424    38
 7.4449    38
 7.4474    42
 7.4499    41
 7.4525    34
  7.455    47
 7.4575    42
   7.46    28
 7.4625    37
  7.465    42
 7.4675    47
   7.47    31
 7.4725    40
  7.475    38
 7.4775    33
   7.48    38
 7.4825    31
  7.485    51
 7.4875    44
   7.49    39
 7.4925    21
  7.495    41
 7.4975    40
    7.5    38
 7.5025    46
  7.505    32
 7.5075    36
   7.51    37
 7.5125    36
  7.515    37
 7.5175    28
   7.52    38
 7.5225    35
  7.525    49
 7.5275    31
   7.53    31
 7.5325    47
  7.535    41
 7.5375    51
   7.54    35
 7.5425    43
  7.545    39
 7.5475    26
   7.55    27
 7.5525    44
  7.555    50
 7.5575    37
   7.56    29
 7.5625    35
  7.565    28
 7.5675    33
   7.57    33
 7.5725    27
  7.575    30
 7.5775    41
   7.58    35
 7.5825    39
  7.585    23
 7.5875    34
   7.59    35
 7.5925    48
  7.595    40
 7.5975    37
    7.6    25
 7.6025    31
  7.605    35
 7.6075    37
   7.61    29
 7.6125    44
  7.615    26
 7.6175    33
   7.62    35
 7.6225    31
  7.625    33
 7.6275    37
   7.63    35
 7.6325    35
  7.635    48
 7.6375    32
   7.64    34
 7.6425    24
  7.645    29
 7.6475    37
   7.65    49
 7.6525    36
  7.655    36
 7.6575    35
 7.6601    36
 7.6626    35
 7.6651    36
 7.6676    36
 7.6701    30
 7.6726    31
 7.6751    32
 7.6776    29
 7.6801    32
 7.6826    31
 7.6851    35
 7.6876    39
 7.6901    26
 7.6926    45
 7.6951    41
 7.6976    36
 7.7001    33
 7.7026    40
 7.7051    34
 7.7076    28
 7.7101    31
 7.7126    44
 7.7151    32
 7.7176    31
 7.7201    35
 7.7226    37
 7.7251    27
 7.7276    31
 7.7301    28
 7.7326    29
 7.7351    39
 7.7376    33
 7.7401    31
 7.7426    31
 7.7451    25
 7.7476    33
 7.7501    27
 7.7526    28
 7.7551    35
 7.7576    30
 7.7601    28
 7.7626    38
 7.7651    31
 7.7676    30
 7.7701    30
 7.7726    33
 7.7751    28
 7.7776    26
 7.7801    35
 7.7826    37
 7.7851    22
 7.7876    34
 7.7901    46
 7.7926    42
 7.7951    35
 7.7976    39
 7.8001    37
 7.8026    30
 7.8051    41
 7.8076    32
 7.8101    27
 7.8126    25
 7.8151    29
 7.8176    35
 7.8201    34
 7.8226    29
 7.8251    23
 7.8276    20
 7.8301    39
 7.8326    36
 7.8351    31
 7.8376    24
 7.8401    25
 7.8426    29
 7.8451    30
 7.8476    24
 7.8501    37
 7.8526    30
 7.8551    40
 7.8576    35
 7.8601    19
 7.8626    32
 7.8651    34
 7.8676    37
 7.8702    30
 7.8727    27
 7.8752    27
 7.8777    40
 7.8802    44
 7.8827    35
 7.8852    32
 7.8877    36
 7.8902    27
 7.8927    32
 7.8952    36
 7.8977    30
 7.9002    21
 7.9027    32
 7.9052    25
 7.9077    27
 7.9102    45
 7.9127    30
 7.9152    35
 7.9177    29
 7.9202    26
 7.9227    27
 7.9252    28
 7.9277    33
 7.9302    37
 7.9327    27
 7.9352    35
 7.9377    26
 7.9402    26
 7.9427    37
 7.9452    34
 7.9477    53
 7.9502    33
 7.9527    28
 7.9552    33
 7.9577    29
 7.9602    28
 7.9627    28
 7.9652    33
 7.9677    28
 7.9702    23
 7.9727    34
 7.9752    17
 7.9777    30
 7.9802    22
 7.9827    36
 7.9852    32
 7.9877    35
 7.9902    28
 7.9927    25
 7.9952    28
 7.9977    30
 8.0002    28
 8.0027    22
 8.0052    21
 8.0077    21
 8.0102    24
 8.0127    26
 8.0152    23
 8.0177    39
 8.0202    25
 8.0227    32
 8.0252    20
 8.0277    27
 8.0302    32
 8.0327    30
 8.0352    25
 8.0377    21
 8.0402    26
 8.0427    25
 8.0452    30
 8.0477    31
 8.0502    21
 8.0527    29
 8.0552    21
 8.0577    32
 8.0602    33
 8.0627    30
 8.0652    21
 8.0677    30
 8.0702    24
 8.0727    26
 8.0752    27
 8.0778    21
 8.0803    40
 8.0828    31
 8.0853    27
 8.0878    23
 8.0903    21
 8.0928    28
 8.0953    35
 8.0978    24
 8.1003    27
 8.1028    30
 8.1053    28
 8.1078    25
 8.1103    33
 8.1128    23
 8.1153    31
 8.1178    28
 8.1203    15
 8.1228    24
 8.1253    21
 8.1278    28
 8.1303    26
 8.1328    16
 8.1353    25
 8.1378    30
 8.1403    27
 8.1428    29
 8.1453    25
 8.1478    21
 8.1503    28
 8.1528    26
 8.1553    25
 8.1578    28
 8.1603    27
 8.1628    28
 8.1653    31
 8.1678    23
 8.1703    24
 8.1728    24
 8.1753    31
 8.1778    22
 8.1803    27
 8.1828    23
 8.1853    17
 8.1878    24
 8.1903    22
 8.1928    21
 8.1953    22
 8.1978    28
 8.2003    21
 8.2028    28
 8.2053    17
 8.2078    17
 8.2103    18
 8.2128    25
 8.2153    22
 8.2178    20
 8.2203    24
 8.2228    21
 8.2253    27
 8.2278    28
 8.2303    22
 8.2328    28
 8.2353    32
 8.2378    34
 8.2403    23
 8.2428    22
 8.2453    26
 8.2478    21
 8.2503    22
 8.2528    24
 8.2553    25
 8.2578    19
 8.2603    17
 8.2628    26
 8.2653    26
 8.2678    31
 8.2703    16
 8.2728    24
 8.2753    27
 8.2778    20
 8.2803    16
 8.2828    27
 8.2854    22
 8.2879    19
 8.2904    26
 8.2929    26
 8.2954    32
 8.2979    24
 8.3004    24
 8.3029    21
 8.3054    28
 8.3079    29
 8.3104    18
 8.3129    20
 8.3154    21
 8.3179    18
 8.3204    26
 8.3229    25
 8.3254    19
 8.3279    27
 8.3304    18
 8.3329    26
 8.3354    22
 8.3379    19
 8.3404    23
 8.3429    25
 8.3454    19
 8.3479    17
 8.3504    21
 8.3529    16
 8.3554    39
 8.3579    22
 8.3604    26
 8.3629    16
 8.3654    20
 8.3679    21
 8.3704    18
 8.3729    19
 8.3754    20
 8.3779    22
 8.3804    33
 8.3829    13
 8.3854    20
 8.3879    32
 8.3904    25
 8.3929    27
 8.3954    22
 8.3979    20
 8.4004    21
 8.4029    23
 8.4054    18
 8.4079    22
 8.4104    19
 8.4129    28
 8.4154    16
 8.4179    22
 8.4204    16
 8.4229    19
 8.4254    20
 8.4279    27
 8.4304    15
 8.4329    26
 8.4354    18
 8.4379    23
 8.4404    22
 8.4429    16
 8.4454    13
 8.4479    31
 8.4504    15
 8.4529    24
 8.4554    22
 8.4579    27
 8.4604    20
 8.4629    27
 8.4654    15
 8.4679    16
 8.4704    18
 8.4729    20
 8.4754    20
 8.4779    14
 8.4804    19
 8.4829    13
 8.4854    23
 8.4879    20
 8.4904    22
 8.4929    21
 8.4955    21
  8.498    17
 8.5005    24
  8.503    16
 8.5055    19
  8.508    24
 8.5105    28
  8.513    23
 8.5155    24
  8.518    24
 8.5205    23
  8.523    13
 8.5255    16
  8.528    13
 8.5305    17
  8.533    22
 8.5355    20
  8.538    19
 8.5405    25
  8.543    20
 8.5455    12
  8.548    17
 8.5505    28
  8.553    17
 8.5555    26
  8.558    23
 8.5605    13
  8.563    15
 8.5655    21
  8.568    18
 8.5705    16
  8.573    22
 8.5755    17
  8.578    23
 8.5805    19
  8.583    21
 8.5855    15
  8.588    17
 8.5905    24
  8.593    18
 8.5955    16
  8.598    19
 8.6005    17
  8.603    19
 8.6055    23
  8.608    18
 8.6105    17
  8.613    17
 8.6155     8
  8.618    16
 8.6205    13
  8.623    21
 8.6255    28
  8.628    25
 8.6305    17
  8.633    15
 8.6355    20
  8.638    14
 8.6405    21
  8.643    17
 8.6455    19
  8.648    14
 8.6505    14
  8.653    13
 8.6555    12
  8.658    16
 8.6605    16
  8.663    14
 8.6655    19
  8.668    15
 8.6705    18
  8.673    20
 8.6755    14
  8.678    14
 8.6805    16
  8.683    14
 8.6855    14
  8.688    19
 8.6905    16
  8.693    14
 8.6955    17
  8.698    24
 8.7005    19
 8.7031    19
 8.7056    17
 8.7081    10
 8.7106    19
 8.7131    22
 8.7156    18
 8.7181    17
 8.7206     9
 8.7231    20
 8.7256    14
 8.7281    22
 8.7306    22
 8.7331    20
 8.7356    21
 8.7381    14
 8.7406    17
 8.7431    12
 8.7456    10
 8.7481    12
 8.7506    18
 8.7531    10
 8.7556     7
 8.7581    19
 8.7606    17
 8.7631    19
 8.7656    17
 8.7681    12
 8.7706    16
 8.7731    20
 8.7756    17
 8.7781    13
 8.7806    12
 8.7831    13
 8.7856    17
 8.7881    16
 8.7906     9
 8.7931    12
 8.7956    12
 8.7981    16
 8.8006    22
 8.8031    15
 8.8056    17
 8.8081    18
 8.8106    23
 8.8131    27
 8.8156    11
 8.8181    15
 8.8206    14
 8.8231    13
 8.8256    10
 8.8281    13
 8.8306    14
 8.8331    13
 8.8356    15
 8.8381    17
 8.8406    12
 8.8431    13
 8.8456    17
 8.8481    11
 8.8506    11
 8.8531    12
 8.8556    11
 8.8581    24
 8.8606    17
 8.8631    11
 8.8656    20
 8.8681    14
 8.8706    11
 8.8731     8
 8.8756    13
 8.8781    10
 8.8806    19
 8.8831    13
 8.8856     9
 8.8881    21
 8.8906    23
 8.8931     9
 8.8956    14
 8.8981    17
 8.9006    10
 8.9031    18
 8.9056    11
 8.9081    12
 8.9107    18
 8.9132     6
 8.9157    10
 8.9182    10
 8.9207    11
 8.9232    20
 8.9257    12
 8.9282    10
 8.9307     7
 8.9332     7
 8.9357    16
 8.9382    17
 8.9407    14
 8.9432    11
 8.9457    11
 8.9482    12
 8.9507    17
 8.9532    16
 8.9557     7
 8.9582    10
 8.9607     8
 8.9632    20
 8.9657    13
 8.9682    14
 8.9707    10
 8.9732    10
 8.9757    10
 8.9782    17
 8.9807    13
 8.9832    13
 8.9857    15
 8.9882     7
 8.9907    12
 8.9932    13
 8.9957    13
 8.9982     7
 9.0007    11
 9.0032    16
 9.0057    13
 9.0082     6
 9.0107    12
 9.0132    15
 9.0157     3
 9.0182    16
 9.0207     8
 9.0232    13
 9.0257    11
 9.0282    15
 9.0307    10
 9.0332     7
 9.0357     9
 9.0382    10
 9.0407     6
 9.0432    12
 9.0457     8
 9.0482    14
 9.0507    11
 9.0532    12
 9.0557    14
 9.0582     9
 9.0607    13
 9.0632     9
 9.0657     5
 9.0682    10
 9.0707    14
 9.0732    11
 9.0757     9
 9.0782     9
 9.0807    19
 9.0832     9
 9.0857    13
 9.0882    12
 9.0907    10
 9.0932     9
 9.0957    19
 9.0982    11
 9.1007    12
 9.1032    10
 9.1057    13
 9.1082    11
 9.1107    10
 9.1132     4
 9.1157    15
 9.1182    16
 9.1208    12
 9.1233    12
 9.1258    13
 9.1283     6
 9.1308     5
 9.1333    13
 9.1358    10
 9.1383     9
 9.1408     5
 9.1433     9
 9.1458     6
 9.1483    10
 9.1508    12
 9.1533    11
 9.1558     4
 9.1583    10
 9.1608    15
 9.1633    10
 9.1658    12
 9.1683     8
 9.1708    12
 9.1733    13
 9.1758     9
 9.1783     8
 9.1808    12
 9.1833    12
 9.1858    12
 9.1883    10
 9.1908    10
 9.1933     9
 9.1958     9
 9.1983     7
 9.2008    13
 9.2033     9
 9.2058     6
 9.2083    16
 9.2108    10
 9.2133     7
 9.2158    10
 9.2183     9
 9.2208    12
 9.2233     9
 9.2258    10
 9.2283     9
 9.2308     5
 9.2333    13
 9.2358     9
 9.2383     7
 9.2408    13
 9.2433     7
 9.2458    10
 9.2483    13
 9.2508    15
 9.2533     5
 9.2558    11
 9.2583     7
 9.2608    12
 9.2633     8
 9.2658     8
 9.2683     8
 9.2708     7
 9.2733     9
 9.2758    15
 9.2783     4
 9.2808    11
 9.2833    11
 9.2858     8
 9.2883    10
 9.2908     6
 9.2933     9
 9.2958     6
 9.2983     8
 9.3008     9
 9.3033     9
 9.3058     7
 9.3083    13
 9.3108     4
 9.3133     9
 9.3158     6
 9.3183     5
 9.3208    10
 9.3233     8
 9.3258     8
 9.3284     7
 9.3309     8
 9.3334    10
 9.3359     9
 9.3384    11
 9.3409    10
 9.3434     8
 9.3459     7
 9.3484     8
 9.3509     7
 9.3534    10
 9.3559    12
 9.3584     3
 9.3609     7
 9.3634     7
 9.3659     8
 9.3684     5
 9.3709     8
 9.3734     8
 9.3759     7
 9.3784     6
 9.3809    10
 9.3834     7
 9.3859     3
 9.3884     5
 9.3909     5
 9.3934    11
 9.3959    13
 9.3984     9
 9.4009     9
 9.4034     9
 9.4059     3
 9.4084    10
 9.4109     6
 9.4134     3
 9.4159     8
 9.4184     7
 9.4209     7
 9.4234     8
 9.4259     5
 9.4284     6
 9.4309     5
 9.4334     7
 9.4359     7
 9.4384     9
 9.4409     7
 9.4434     7
 9.4459     8
 9.4484     8
 9.4509     5
 9.4534     8
 9.4559     7
 9.4584     7
 9.4609     9
 9.4634     7
 9.4659     5
 9.4684     4
 9.4709     4
 9.4734     5
 9.4759     8
 9.4784     5
 9.4809     9
 9.4834     9
 9.4859     4
 9.4884     3
 9.4909     2
 9.4934     7
 9.4959     4
 9.4984     6
 9.5009     6
 9.5034     5
 9.5059     6
 9.5084     2
 9.5109     7
 9.5134     7
 9.5159     4
 9.5184     5
 9.5209     7
 9.5234    10
 9.5259     6
 9.5284     9
 9.5309     6
 9.5334     4
  9.536     7
 9.5385     5
  9.541     8
 9.5435     4
  9.546     7
 9.5485     6
  9.551     9
 9.5535     4
  9.556     2
 9.5585     6
  9.561     5
 9.5635     2
  9.566     2
 9.5685    10
  9.571     4
 9.5735     5
  9.576     6
 9.5785     9
  9.581     5
 9.5835     5
  9.586     3
 9.5885     4
  9.591     5
 9.5935     0
  9.596     9
 9.5985     4
  9.601     4
 9.6035     5
  9.606     4
 9.6085     3
  9.611     7
 9.6135     2
  9.616     6
 9.6185     3
  9.621     2
 9.6235     5
  9.626     3
 9.6285     4
  9.631     3
 9.6335     5
  9.636     3
 9.6385     2
  9.641     4
 9.6435     6
  9.646     5
 9.6485     7
  9.651     3
 9.6535     9
  9.656     5
 9.6585     4
  9.661     4
 9.6635     4
  9.666     4
 9.6685     3
  9.671     7
 9.6735     4
  9.676     6
 9.6785     2
  9.681     4
 9.6835     7
  9.686     2
 9.6885     4
  9.691     2
 9.6935     6
  9.696     4
 9.6985     3
  9.701     1
 9.7035     3
  9.706     3
 9.7085     6
  9.711     2
 9.7135     0
  9.716     3
 9.7185     3
  9.721     2
 9.7235     2
  9.726     7
 9.7285     3
  9.731     2
 9.7335     2
  9.736     6
 9.7385     3
  9.741     8
 9.7435     1
 9.7461     5
 9.7486     2
 9.7511     0
 9.7536     4
 9.7561     0
 9.7586     1
 9.7611     1
 9.7636     2
 9.7661     2
 9.7686     3
 9.7711     2
 9.7736     1
 9.7761     2
 9.7786     3
 9.7811     2
 9.7836     1
 9.7861     2
 9.7886     2
 9.7911     2
 9.7936     3
 9.7961     1
 9.7986     1
 9.8011     2
 9.8036     0
 9.8061     2
 9.8086     4
 9.8111     3
 9.8136     3
 9.8161     3
 9.8186     2
 9.8211     2
 9.8236     2
 9.8261     1
 9.8286     2
 9.8311     2
 9.8336     3
 9.8361     3
 9.8386     4
 9.8411     2
 9.8436     3
 9.8461     2
 9.8486     0
 9.8511     0
 9.8536     2
 9.8561     3
 9.8586     2
 9.8611     5
 9.8636     2
 9.8661     6
 9.8686     2
 9.8711     0
 9.8736     3
 9.8761     2
 9.8786     3
 9.8811     2
 9.8836     4
 9.8861     1
 9.8886     3
 9.8911     0
 9.8936     0
 9.8961     2
 9.8986     1
 9.9011     2
 9.9036     2
 9.9061     1
 9.9086     4
 9.9111     1
 9.9136     2
 9.9161     4
 9.9186     3
 9.9211     3
 9.9236     2
 9.9261     1
 9.9286     1
 9.9311     1
 9.9336     1
 9.9361     1
 9.9386     2
 9.9411     0
 9.9436     2
 9.9461     2
 9.9486     2
 9.9511     1
 9.9537     1
 9.9562     2
 9.9587     1
 9.9612     1
 9.9637     1
 9.9662     0
 9.9687     0
 9.9712     1
 9.9737     1
 9.9762     0
 9.9787     0
 9.9812     0
 9.9837     0
 9.9862     0
 9.9887     0
 9.9912     1
 9.9937     2
 9.9962     0
 9.9987     1
10.0012     0
10.0037     0
