DU=/opt/topspin, USER=nmrsu, NAME=cg_7Li_Diff30_5mm, EXPNO=7, PROCNO=1
F1=387.036ppm, F2=-127.188ppm, MI=0.00cm, MAXI=14.50cm, PC=1.000
     #     ADDRESS            FREQUENCY         INTENSITY
                           [Hz]        [PPM]
     1      1543.0    28222.826     362.8216         1.22
     2      1944.6    27732.658     356.5202         0.81
     3      6946.8    21626.367     278.0201         0.74
     4      8234.0    20055.180     257.8215         1.13
     5      9139.8    18949.449     243.6067         6.55
     6     10055.3    17831.895     229.2398         1.89
     7     10685.6    17062.496     219.3488         0.87
     8     13221.6    13966.747     179.5510         0.71
     9     13575.0    13535.381     174.0055         1.13
    10     14624.9    12253.707     157.5288         1.51
    11     15004.5    11790.408     151.5729         0.64
    12     15607.0    11054.828     142.1165         1.01
    13     16058.7    10503.522     135.0292         1.13
    14     16353.5    10143.579     130.4019         0.93
    15     22253.4     2941.546      37.8154         0.65
    16     22399.2     2763.669      35.5286         0.66
    17     23883.0      952.358      12.2431         0.73
    18     25147.9     -591.698      -7.6066         4.75
    19     25886.9    -1493.786     -19.2035         0.80
    20     26846.8    -2665.534     -34.2671         0.67
    21     31500.6    -8346.432    -107.2984         0.72
