##TITLE= Parameter file, TOPSPIN		Version 1.5
##JCAMPDX= 5.0
##DATATYPE= Parameter Values
##ORIGIN= Bruker BioSpin GmbH
##OWNER= nmr
$$ 2015-09-21 11:28:47.464 +0200  nmr@MVMVM040
$$ /opt/topspin/data/nmrsu/nmr/cg_7Li_Diff30_5mm/4/pdata/1/clevels
##$LEVELS= (0..255)
-2565220.58768971 -1425122.54871651 -791734.749286948 -439852.638492749 
-244362.576940416 -135756.98718912 -75420.5484384 -41900.304688 41900.304688 
75420.5484384 135756.98718912 244362.576940416 439852.638492749 791734.749286948 
1425122.54871651 2565220.58768971 0 0 0 0 0 0 0 0 0 0 0 0 0 0 0 0 0 0 
0 0 0 0 0 0 0 0 0 0 0 0 0 0 0 0 0 0 0 0 0 0 0 0 0 0 0 0 0 0 0 0 0 0 0 
0 0 0 0 0 0 0 0 0 0 0 0 0 0 0 0 0 0 0 0 0 0 0 0 0 0 0 0 0 0 0 0 0 0 0 
0 0 0 0 0 0 0 0 0 0 0 0 0 0 0 0 0 0 0 0 0 0 0 0 0 0 0 0 0 0 0 0 0 0 0 
0 0 0 0 0 0 0 0 0 0 0 0 0 0 0 0 0 0 0 0 0 0 0 0 0 0 0 0 0 0 0 0 0 0 0 
0 0 0 0 0 0 0 0 0 0 0 0 0 0 0 0 0 0 0 0 0 0 0 0 0 0 0 0 0 0 0 0 0 0 0 
0 0 0 0 0 0 0 0 0 0 0 0 0 0 0 0 0 0 0 0 0 0 0 0 0 0 0 0 0 0 0 0 0 0 0 
0 0 0 0 0 0 0 0 0 0 0 0
##$LEVSIGN= 3
##$MAXLEV= 8
##$METHOD= 0
##$NEGBASE= -41900.304688
##$NEGINCR= 1.8
##$POSBASE= 41900.304688
##$POSINCR= 1.8
##END=
