97
0 0 0
0 0 1
4248.4 1.69015e+09 5094
32.3 0 0
0 0 1
4244.32 1.43931e+09 4361
64.5 0 0
0 0 1
4245.46 1.38364e+09 4312
96.8 0 0
0 0 1
4255.58 1.0309e+09 5268
129 0 0
0 0 1
4256.73 8.00949e+08 4462
161.3 0 0
0 0 1
4250.4 6.71468e+08 5362
193.5 0 0
0 0 1
4253.66 5.70445e+08 4784
225.8 0 0
0 0 1
4244 1.54727e+08 0
258 0 0
0 0 1
4244 3.30881e+08 0
290.3 0 0
0 0 1
4244 2.27175e+08 0
322.6 0 0
0 0 1
4244 1.74932e+08 0
354.8 0 0
0 0 1
4211 6.00138e+07 5961
387.1 0 0
0 0 1
4244 -3.75419e+07 0
419.3 0 0
0 0 1
4244 1.02436e+08 0
451.6 0 0
0 0 1
4244 1.56546e+08 0
483.8 0 0
0 0 1
4244 4.73347e+07 0
516.1 0 0
0 0 1
4244 -1.99514e+07 0
548.3 0 0
0 0 1
4244 1.43066e+07 0
580.6 0 0
0 0 1
4290.82 -7.31483e+07 4864
612.8 0 0
0 0 1
4244 5.48869e+07 0
645.1 0 0
0 0 1
4244 1.1921e+08 0
677.4 0 0
0 0 1
4244 3.07115e+07 0
709.6 0 0
0 0 1
4244 2.03605e+08 0
741.9 0 0
0 0 1
4244 6.07997e+07 0
774.1 0 0
0 0 1
4244 -8.41856e+07 0
806.4 0 0
0 0 1
4244 6.379e+07 0
838.6 0 0
0 0 1
4244 2.35523e+07 0
870.9 0 0
0 0 1
4244 -6.09191e+07 0
903.1 0 0
0 0 1
4244 -7.29173e+07 0
935.4 0 0
0 0 1
4244 -2.68061e+07 0
967.7 0 0
0 0 1
4244 1.88449e+08 0
999.9 0 0
0 0 1
4244 8.64815e+07 0
-1 0 0
