97
0 0 0
0 0 1
4248.4 5.60969e+07 5094
32.3 0 0
0 0 1
4244.32 4.24724e+07 4361
64.5 0 0
0 0 1
4245.46 4.54946e+07 4312
96.8 0 0
0 0 1
4255.58 3.39579e+07 5268
129 0 0
0 0 1
4256.73 2.47498e+07 4462
161.3 0 0
0 0 1
4250.4 2.28129e+07 5362
193.5 0 0
0 0 1
4253.66 2.71171e+07 4784
225.8 0 0
0 0 1
4244 0 0
258 0 0
0 0 1
4244 0 0
290.3 0 0
0 0 1
4244 0 0
322.6 0 0
0 0 1
4244 0 0
354.8 0 0
0 0 1
4211 -2.40068e+07 5961
387.1 0 0
0 0 1
4244 0 0
419.3 0 0
0 0 1
4244 0 0
451.6 0 0
0 0 1
4244 0 0
483.8 0 0
0 0 1
4244 0 0
516.1 0 0
0 0 1
4244 0 0
548.3 0 0
0 0 1
4244 0 0
580.6 0 0
0 0 1
4290.82 2.01211e+07 4864
612.8 0 0
0 0 1
4244 0 0
645.1 0 0
0 0 1
4244 0 0
677.4 0 0
0 0 1
4244 0 0
709.6 0 0
0 0 1
4244 0 0
741.9 0 0
0 0 1
4244 0 0
774.1 0 0
0 0 1
4244 0 0
806.4 0 0
0 0 1
4244 0 0
838.6 0 0
0 0 1
4244 0 0
870.9 0 0
0 0 1
4244 0 0
903.1 0 0
0 0 1
4244 0 0
935.4 0 0
0 0 1
4244 0 0
967.7 0 0
0 0 1
4244 0 0
999.9 0 0
0 0 1
4244 0 0
-1 0 0
