Res_Real,Res_Imag,Fit_Real,Fit_Imag,freq,Data_Real,Data_Imag
-4.62441911397702,-1.81187658005965,1528.5160632562,-3379.35936261443,5000000,1357.223741,-3446.472775
-4.20908111774736,-1.70236364343661,1542.51035303915,-3399.62258427221,4860354.622,1385.511922,-3463.120629
-3.57068784120363,-1.60083348537412,1557.35498002089,-3422.41702401813,4724609.41,1423.020276,-3482.642813
-3.1118373451833,-1.52499312678405,1573.09634473627,-3447.73788937101,4592655.436,1454.98438,-3505.620071
-2.5324569220033,-1.50453879281382,1589.78282335616,-3475.58040229413,4464386.815,1492.646918,-3533.289079
-2.08847856144492,-1.45137276872195,1607.46480923102,-3505.93966391255,4339700.617,1526.525927,-3562.187543
-1.64651293385663,-1.32966554688646,1626.19475048666,-3538.81050996514,4218496.791,1561.720844,-3590.877354
-1.21290791303283,-1.22698871218305,1646.02718691807,-3574.18736309511,4100678.074,1598.001431,-3622.770656
-0.872883976626044,-1.09081787646016,1667.01877937456,-3612.06407087022,3986149.926,1632.072817,-3655.73503
-0.461799513816746,-1.03527630649323,1689.22833830073,-3652.4337421566,3874820.443,1670.50452,-3694.409372
-0.112383080534343,-0.959794392874698,1712.71684375164,-3695.28856942422,3766600.29,1708.101519,-3734.705204
0.180017273094368,-0.794803005710848,1737.54746085267,-3740.61964549313,3661402.625,1745.031868,-3773.664415
0.521799802548164,-0.685782707043566,1763.78554565993,-3788.4167673273,3559143.034,1785.77612,-3817.318188
0.779265837138194,-0.586897484992847,1791.49864408609,-3838.66823376477,3459739.459,1824.796572,-3863.746287
1.05703134102663,-0.481302178283463,1820.75647916994,-3891.36063091632,3363112.134,1866.575585,-3912.223622
1.22930643470657,-0.199363003121651,1851.63092694694,-3946.47860839295,3269183.521,1905.601782,-3955.231342
1.54525684260678,-0.110431449341929,1884.19597923786,-4004.00464630368,3177878.247,1953.104962,-4008.929212
1.7341838339805,-0.0102433461018216,1918.5276906004,-4063.91881143279,3089123.045,1997.060483,-4064.382683
1.8458404179884,0.170993964341753,1954.7041097502,-4126.19850677893,3002846.693,2039.533324,-4118.340144
1.98819101346628,0.331996709868221,1992.80518968157,-4190.81820836174,2918979.961,2085.598657,-4175.323155
2.1504340610413,0.521477080936224,2032.91268159984,-4257.7492023576,2837455.549,2134.862653,-4233.026485
2.21151135134659,0.704394853403394,2075.11000132467,-4326.95930766745,2758208.038,2181.606591,-4293.038772
2.37739116597004,0.874739981469183,2119.48207308283,-4398.41259738442,2681173.837,2235.877837,-4355.585809
2.41246425102568,0.973836976468361,2166.1151475923,-4472.06911880582,2606291.13,2286.242647,-4423.577374
2.48163741219399,1.22933804820484,2215.09658948209,-4547.88460926668,2533499.828,2340.658732,-4485.684419
2.51206368569008,1.33571159399324,2266.51463613615,-4625.81021662506,2462741.519,2395.847406,-4557.041546
2.49204311059142,1.47919648403042,2320.45812007843,-4705.79221777128,2393959.425,2450.972299,-4628.323207
2.51845917004469,1.64171942090039,2377.01616402112,-4787.77175463587,2327098.351,2511.226465,-4700.283476
2.49607839830794,1.80986000693622,2436.27783321738,-4871.68457013183,2262104.645,2571.619647,-4773.550739
2.392718942264,2.14690916048466,2498.3317557777,-4957.46076572158,2198926.153,2630.117164,-4839.21399
2.33681074456445,2.10292354415482,2563.26570318459,-5045.02457452691,2137512.178,2694.491624,-4926.932821
2.30065242808254,2.30560184314375,2631.16613383214,-5134.29415935098,2077813.439,2762.641035,-5002.536415
2.222733740913,2.35461279793519,2702.11770022155,-5225.18144107137,2019782.03,2831.545241,-5088.074716
2.06372367067271,2.68011105812625,2776.20271297229,-5317.59195314576,1963371.385,2898.321353,-5158.999249
1.96129261896872,2.59242606506386,2853.50057710958,-5411.42474618247,1908536.237,2971.90546,-5254.917807
1.81899666711694,2.92723539088864,2934.08718692826,-5506.57232815898,1855232.584,3045.704133,-5326.951837
1.71588124787661,2.91335285803653,3018.03429295803,-5602.92066008868,1803417.653,3125.39875,-5420.629171
1.5439603022704,3.03612206595906,3105.40884128698,-5700.34920859789,1753049.865,3203.775355,-5506.916293
1.39280545307523,3.06414578973653,3196.27228774666,-5798.7310591174,1704088.802,3286.708079,-5599.77402
1.1117083325609,3.16888576768725,3290.67988932739,-5897.93309257728,1656495.177,3364.150792,-5688.506851
0.971078309029595,3.29876165225591,3388.67999671596,-5997.81624952199,1610230.798,3454.031751,-5775.815759
0.73632212839656,3.37987685388368,3490.3133291748,-6098.23585821009,1565258.54,3540.768566,-5866.635475
0.507193727282689,3.3226770782967,3595.61225540745,-6199.04204819258,1521542.316,3631.039296,-5966.955945
0.344393388984587,3.26582313269332,3704.60009387432,-6300.08025604927,1479047.046,3729.127302,-6067.49297
0.0817567307871012,3.38988317065551,3817.29043169958,-6401.19181457253,1437738.629,3823.21471,-6155.553185
-0.227342954451953,3.21823063527841,3933.68647060575,-6502.21462541876,1397583.918,3916.889948,-6264.445728
-0.516380361304044,3.31899850450524,4053.78043066804,-6602.98393230454,1358550.691,4014.970269,-6353.534344
-0.63417069653153,3.28757409345897,4177.55300290731,-6703.33317381143,1320607.626,4128.977633,-6451.515913
-0.835539219305006,3.21562604137347,4304.97287661619,-6803.09492462617,1283724.275,4239.765399,-6552.139783
-1.03260213487474,3.07273563196686,4435.99633348941,-6902.10190406698,1247871.043,4353.853763,-6657.66855
-1.3490738451833,2.92968083132946,4570.56696999419,-7000.18808306586,1213019.158,4461.268002,-6762.831846
-1.49166263844038,2.79883676730908,4708.61548174309,-7097.18982069336,1179140.654,4585.456356,-6866.103863
-1.73997641223355,2.76660382521316,4850.05959481686,-7192.94707674945,1146208.346,4703.885551,-6960.526875
-2.05287368244898,2.51836227411027,4994.80412506574,-7287.30466396462,1114195.806,4819.125395,-7071.790826
-2.59017454828709,2.17276604567256,5142.74113926483,-7380.1135041646,1083077.347,4917.104274,-7190.838183
-2.74906885095118,2.00275106661185,5293.75029935953,-7471.23192230586,1052827.998,5049.876223,-7293.564831
-2.92567298348923,1.81048693685133,5447.69932981586,-7560.52691750869,1023423.485,5183.441838,-7396.997111
-3.06709405255651,1.60713188567616,5604.4446292667,-7647.87540705781,994840.213,5322.37408,-7500.072775
-3.22827771766842,1.37924403016062,5763.83204282785,-7733.16543374283,967055.246,5461.594872,-7604.038125
-3.35698971034857,1.14743326987058,5925.69779045243,-7816.29731448272,940046.286,5605.775194,-7706.946419
-3.50478803587344,0.916579504279318,6089.86947185027,-7897.18467401327,913791.663,5750.00944,-7808.303767
-3.55944992019247,0.676927963597097,6256.16731966811,-7975.75543739821,888270.306,5904.846587,-7908.942072
-3.68077227805639,0.416068782374793,6424.40543520597,-8051.95263450636,863461.737,6054.81541,-8010.174752
-3.73446581307309,0.1507985252218,6594.39323125904,-8125.73512040994,839346.049,6212.861158,-8110.328774
-3.79435627291957,-0.12011180105776,6765.93693262408,-8197.07812958936,815903.89,6371.625911,-8209.560196
-3.79935810395231,-0.401935153535368,6938.8411443433,-8265.97366730821,793116.448,6537.176425,-8308.46589
-3.78017491453473,-0.700318948059736,7112.91045070626,-8332.43072280312,770965.439,6706.360577,-8407.748555
-3.80449938688128,-0.945120680547946,7287.95110984316,-8396.47533071561,749433.087,6872.106772,-8499.78014
-3.76014678935075,-1.23320469655813,7463.77268420807,-8458.15042274891,728502.114,7045.868466,-8595.209286
-3.6837898237455,-1.51491541989931,7640.18971613864,-8517.51552012662,708155.723,7223.939885,-8688.693388
-3.65751443587404,-1.78193272438629,7817.02331324276,-8574.64622769775,688377.588,7397.13773,-8779.21353
-3.55285338886684,-2.08577819684736,7994.10273107322,-8629.63357353717,669151.838,7579.498952,-8873.035546
-3.43036575040591,-2.36373916154715,8171.26683894492,-8682.58317014931,650463.046,7764.482062,-8962.883633
-3.29904332143296,-2.60512884954357,8348.36552032969,-8733.61423150236,632296.215,7951.006969,-9047.393144
-3.13135831169411,-2.85123555118068,8525.26094638519,-8782.85844472641,614636.766,8142.15554,-9131.692288
-2.9773983202883,-3.09834529278746,8701.82869427242,-8830.45870922068,597470.529,8331.930423,-9215.382876
-2.77196342149447,-3.31113603190036,8877.95877836461,-8876.5677821374,580783.729,8528.301372,-9294.236799
-2.59464077561941,-3.5197578373543,9053.55648492251,-8921.34682010812,564562.977,8721.385643,-9371.952906
-2.38527751881597,-3.72768396640648,9228.54312893081,-8964.96386906329,548795.254,8918.611856,-9449.320858
-2.13354995039162,-3.91271503482904,9402.85648921704,-9007.59226010096,533467.91,9121.502697,-9523.566687
-1.8764481717714,-4.07355321284559,9576.45128038949,-9049.40902114531,518568.645,9325.388332,-9594.437813
-1.65983490493217,-4.20820284932411,9749.29933516517,-9090.59323977723,504085.502,9524.115675,-9661.50455
-1.37124366737327,-4.34611638323302,9921.38962488753,-9131.3244271987,490006.86,9732.681951,-9729.427837
-1.10247081150242,-4.47196079320904,10092.7281987681,-9171.78091687798,476321.421,9938.879279,-9795.839468
-0.833559780311244,-4.60424510696835,10263.3378920781,-9212.13827569449,463018.204,10145.38985,-9863.635275
-0.520437457720326,-4.65049768010584,10433.2579690188,-9252.56777876149,450086.533,10358.61584,-9919.550992
-0.250769473929829,-4.6805252953394,10602.5435314753,-9293.23491785305,437516.033,10566.10773,-9973.296521
0.0594689222315666,-4.74648685143875,10771.2649642836,-9334.29801626291,425296.614,10780.02278,-10033.29937
0.359979700664862,-4.72630450660446,10939.5070257619,-9375.90686290921,413418.473,10993.20005,-10080.86212
0.657282308347783,-4.70537221385203,11107.3680933509,-9418.20149367948,401872.077,11206.65591,-10128.98608
0.950448005258053,-4.68764890931228,11274.9591097228,-9461.31101372182,390648.161,11420.35741,-10178.42145
1.29702341234903,-4.63649445294866,11442.402541027,-9505.35253897451,379737.719,11643.3758,-10223.7755
1.50731375414298,-4.54375623113832,11609.8312484377,-9550.43023509221,369131.996,11846.076,-10262.5836
1.85048793448665,-4.44632707898768,11777.3872963242,-9596.63446072928,358822.48,12071.05381,-10302.25234
2.11054010277986,-4.32145335418517,11945.2206044478,-9644.04098910406,348800.9,12284.07225,-10337.8594
2.30438467046331,-4.21084700766071,12113.4877114029,-9692.71038117155,339059.214,12487.62945,-10376.38687
2.62552169797874,-4.0535143469182,12282.350404372,-9742.68744428031,329589.603,12713.7525,-10408.72444
2.85360780076082,-3.9163986586942,12451.9742197514,-9794.0007729075,320384.47,12926.20731,-10444.8561
3.10516235945028,-3.71762833374177,12622.5271092756,-9846.66245874098,311436.428,13144.36548,-10471.42886
3.25434312086151,-3.53560269407579,12794.1779462658,-9900.66787485303,302738.296,13346.85295,-10501.10832
3.45510082243271,-3.32276203048985,12967.0949887837,-9955.99556546842,294283.096,13560.21038,-10526.39319
3.73685995985036,-3.08708049543317,13141.4445159458,-10012.6073112551,286064.041,13790.243,-10548.59024
3.83386347395529,-2.82826945232793,13317.3891785043,-10070.4482238322,278074.537,13989.52257,-10566.286
4.01283286148408,-2.58292188236235,13495.0866215533,-10129.4470475266,270308.172,14206.04664,-10587.06745
4.15259678571625,-2.32590465660655,13674.687931407,-10189.5165240719,262758.714,14417.94545,-10605.82136
4.26695694387543,-2.07215118737345,13856.3361628456,-10250.5539021715,255420.106,14627.77851,-10625.18744
4.3600240710817,-1.81303247663983,14040.1649489142,-10312.4415927652,248286.459,14836.2709,-10643.487
4.43690756125829,-1.5318064498089,14226.2970825804,-10375.0479307259,241352.048,15044.31775,-10657.46295
4.48640208287798,-1.24859875371413,14414.8431459972,-10438.2280652808,234611.308,15249.86935,-10670.62201
4.54270740328273,-0.997208078817851,14605.900169527,-10501.8249696444,228058.831,15459.7152,-10689.25312
4.53589356638599,-0.710197822798689,14799.5504797732,-10565.6706179338,221689.359,15659.85164,-10700.37043
4.54416410350305,-0.390749901259421,14995.8605598984,-10629.5872626981,215497.78,15865.56631,-10704.37273
4.52537343376163,-0.132221233091818,15194.8799451168,-10693.3888133974,209479.126,16069.00153,-10718.92868
4.46823064851217,0.108055254131304,15396.64032442,-10756.8823618608,203628.568,16267.53333,-10735.82155
4.44093189627729,0.382993812038307,15601.1548198591,-10819.8698305133,197941.41,16474.62928,-10744.53985
4.34138019405037,0.651597985473789,15808.4172031463,-10882.149654956,192413.089,16669.61028,-10752.89314
4.23816730330381,0.913077052850415,16018.4014382356,-10943.518608057,187039.17,16866.31928,-10760.84193
4.11429984094975,1.13912769923142,16231.061535101,-11003.7737345597,181815.338,17061.2573,-10773.91713
3.99767322753392,1.39379053101724,16446.3310298255,-11062.7141821133,176737.404,17259.82595,-10779.08882
3.89398621538825,1.62590737013405,16664.1234202181,-11120.1432893062,171801.292,17463.40342,-10786.40938
3.71193726387026,1.81006440895476,16884.332205027,-11175.8705194431,167003.041,17652.51391,-10801.2795
3.54999041760144,2.0032080412504,17106.8314196397,-11229.7134706369,162338.8,17847.6065,-10811.70485
3.35130013173106,2.1868076075299,17331.4762040875,-11281.4998118133,157804.827,18036.37862,-10821.53326
3.17739412788467,2.36896981878513,17558.1037717283,-11331.0692124744,153397.484,18231.87814,-10828.72324
2.96435559709931,2.5154638862559,17786.5345029364,-11378.2751705763,149113.234,18420.1166,-10840.63627
2.77539728642396,2.67254214770693,18016.5731319023,-11422.9867150193,144948.64,18614.51638,-10847.20301
2.52750112294572,2.80071757812965,18248.0104549571,-11465.0900443653,140900.358,18796.65386,-10857.13968
2.33817411570141,2.91966575978929,18480.6246070988,-11504.4898958348,136965.141,18992.23464,-10865.64513
2.09752016051493,3.01761947227025,18714.1831053907,-11541.1108588887,133139.832,19176.6024,-10875.84647
1.83782443119084,3.05178961774049,18948.4449572505,-11574.8984661602,129421.359,19356.68439,-10896.99864
1.64857295651914,3.12120181876916,19183.1622564481,-11605.8199816664,125806.74,19552.25631,-10907.02347
1.4175306798298,3.14008591350026,19418.0827343455,-11633.8650961467,122293.074,19737.87638,-10925.46454
1.17924136684565,3.17592013493521,19652.9517545049,-11659.0462943418,118877.542,19920.94544,-10937.28859
0.976296421404972,3.19387088468286,19887.5147340061,-11681.3990312781,115557.402,20111.07568,-10950.03837
0.747545366690654,3.15854966584781,20121.51916029,-11700.9816201256,112329.99,20293.97982,-10972.296
0.540945692882443,3.11565500344908,20354.716773847,-11717.8749066902,109192.718,20480.45722,-10993.65461
0.327788546594832,3.09857158374845,20586.8661587755,-11732.1817357889,106143.066,20663.6088,-11006.73672
0.155053286338493,3.06716189397777,20817.734212253,-11744.0261168713,103178.588,20854.30691,-11020.56912
-0.0741181118544617,2.97291527016844,21047.0983880591,-11753.5522472829,100296.906,21029.49189,-11047.34663
-0.228846726184042,2.89803841533494,21274.7486875541,-11760.9233200392,97495.706,21219.97951,-11067.34477
-0.427586998298606,2.79945765496002,21500.4889334854,-11766.3201375561,94772.741,21397.43478,-11091.61361
-0.568855751224224,2.71609876398533,21724.1385100809,-11769.9396002713,92125.826,21586.0341,-11110.53655
-0.736404187812096,2.62763914535729,21945.5336041174,-11771.9930527288,89552.837,21765.51231,-11129.64065
-0.865521987196779,2.51656281234972,22164.5283340775,-11772.7045288152,87051.709,21951.41726,-11153.06989
-0.998672575339485,2.39569767955711,22380.9955923539,-11772.3089184441,84620.435,22133.36514,-11178.27268
-1.15403258729634,2.23328351674213,22594.8277698907,-11771.0500823956,82257.064,22306.70507,-11213.47512
-1.27409001342467,2.10286096708174,22805.9370962529,-11769.1789400112,79959.701,22485.64743,-11240.54703
-1.38866341658602,1.96147416022087,23014.2564250032,-11766.9515465267,77726.5,22662.77766,-11270.49106
-1.44329073406139,1.81536991633506,23219.7385361175,-11764.6272003041,75555.671,22851.78845,-11301.81988
-1.53039342621918,1.68901405305834,23422.3567309555,-11762.466574831,73445.471,23029.57682,-11328.97622
-1.65993694091458,1.52170672751777,23622.1041382936,-11760.7299188422,71394.207,23193.35305,-11367.68281
-1.69982032664303,1.37634782633044,23818.9935183539,-11759.6753235122,69400.232,23376.88419,-11401.69854
-1.70179987801013,1.25526625180055,24013.0562344294,-11759.5570812115,67461.948,23567.30158,-11430.76356
-1.73950856329975,1.10607785901408,24204.3421787383,-11760.6241384223,65577.798,23745.6289,-11468.94831
-1.76620605090331,0.977909847801571,24392.9182880294,-11763.1186615121,63746.271,23924.0607,-11503.52242
-1.7814446332018,0.865875634850107,24578.8680578222,-11767.2747199322,61965.896,24102.84414,-11535.9021
-1.76802097546613,0.711041593318705,24762.2899422651,-11773.3170782731,60235.246,24286.57066,-11581.99797
-1.78999378173102,0.571873344148578,24943.2967139364,-11781.4601302999,58552.932,24458.54277,-11626.58928
-1.74963937790158,0.431649532149151,25122.0142580485,-11791.9069627326,56917.602,24644.8862,-11674.19579
-1.73353816651266,0.340188000192677,25298.579646931,-11804.8484961178,55327.946,24822.7782,-11711.47764
-1.7002255134891,0.220253795889332,25473.1405908886,-11820.4628275946,53782.688,25003.35621,-11759.60514
-1.62179685771365,0.112481061672388,25645.8538978687,-11838.9146593093,52280.587,25194.60141,-11807.61767
-1.6340541895652,0.00716267408621692,25816.8837771272,-11860.3548120427,50820.439,25359.42998,-11858.34962
-1.57785126106869,-0.0893976252096908,25986.4010602493,-11884.9199618656,49401.071,25541.72944,-11910.11409
-1.50133782435088,-0.167382375775664,26154.5813864563,-11912.7323808866,48021.344,25728.61176,-11960.22323
-1.46391464546671,-0.246440303214346,26321.6037174209,-11943.8998007913,46680.153,25903.59548,-12014.26871
-1.43079510858489,-0.344191480604116,26487.6498797762,-11978.5155911539,45376.419,26076.47442,-12077.42779
-1.4017003794489,-0.387104701079795,26652.9020137178,-12016.6586518488,44109.098,26247.60946,-12128.58746
-1.32278097229962,-0.469660477508119,26817.5424392208,-12058.3938792834,42877.171,26432.47984,-12195.11242
-1.25611604831488,-0.499424883409337,26981.7512370895,-12103.7722259946,41679.652,26613.738,-12250.09228
-1.18099646119551,-0.577455983736792,27145.7062528817,-12152.8314433999,40515.578,26797.37052,-12323.15249
-1.13983028844623,-0.579828521517808,27309.5810065211,-12205.5963778073,39384.015,26971.32611,-12377.66571
-1.09533480476141,-0.636936610873771,27473.5437053406,-12262.0796126892,38284.056,27146.40926,-12452.30812
-1.04013317136944,-0.654534495896084,27637.7566545211,-12322.2823528844,37214.817,27325.12986,-12519.01199
-0.970839938776059,-0.705226351811684,27802.3743785677,-12386.1949232053,36175.442,27508.62928,-12599.57385
-0.846770402422214,-0.729020929798348,27967.5438062496,-12453.7980799275,35165.095,27709.52228,-12675.93987
-0.790446800321935,-0.728790885645706,28133.4021889929,-12525.063515917,34182.967,27890.9999,-12748.5581
-0.763004055936914,-0.69694216250937,28300.077519148,-12599.9554058501,33228.268,28064.67505,-12814.97642
-0.737611188539396,-0.725511034857581,28467.6867271933,-12678.431060511,32300.233,28238.67918,-12903.68185
-0.644568971109327,-0.67755948630253,28636.3356441467,-12760.4423473484,31398.118,28434.88122,-12972.20767
-0.657648543624107,-0.750635538238236,28806.1190034359,-12845.9371976661,30521.197,28599.29314,-13082.00682
-0.642881498255897,-0.74002789041098,28977.1188298884,-12934.8602983483,29668.768,28773.68483,-13169.03539
-0.579084831591322,-0.767449960447719,29149.4052151035,-13027.1549339659,28840.147,28964.90485,-13271.66971
-0.545939204091817,-0.757155269196692,29323.0361462361,-13122.7643556576,28034.668,29147.97408,-13365.55543
-0.473238895555289,-0.770085567410149,29498.0567734584,-13221.6327609763,27251.686,29345.25172,-13470.28723
-0.485937914718098,-0.723206600937336,29674.5005373605,-13323.7072213404,26490.572,29516.65901,-13558.61796
-0.444596399538924,-0.740263583691694,29852.3891997094,-13428.9389355956,25750.714,29706.99853,-13671.01786
-0.414424679258701,-0.704755602562702,30031.732190172,-13537.2839271669,25031.521,29895.32899,-13769.24627
-0.399947436994575,-0.713555960029913,30212.529275821,-13648.705595526,24332.414,30080.02625,-13885.10747
-0.349856719329948,-0.729409583900227,30394.7697604293,-13763.1750675195,23652.832,30278.05476,-14006.51194
-0.321016070571733,-0.720344913871738,30578.4337243889,-13880.6725890291,22992.23,30470.62266,-14122.59553
-0.355542161378866,-0.718795059843405,30763.4931949422,-14001.1887170443,22350.078,30643.34789,-14244.08495
-0.330659926983844,-0.653326753665743,30949.9131741315,-14124.7252358454,21725.861,30837.45074,-14346.93153
-0.31422749866348,-0.706182667961485,31137.6530709703,-14251.2961397868,21119.078,31030.03694,-14493.14845
-0.250777968499701,-0.717238174296768,31326.6679487369,-14380.9282941987,20529.242,31240.16096,-14628.34283
-0.239379449006426,-0.716197663188503,31516.9101711518,-14513.662160627,19955.879,31433.77929,-14762.38085
-0.199671157425666,-0.747267036538057,31708.3301135832,-14649.5516598924,19398.53,31638.49287,-14910.91675
-0.26477346426927,-0.721066120194537,31900.878924783,-14788.6652665858,18856.747,31807.71764,-15042.3744
-0.224209265800793,-0.751241037950413,32094.5093392896,-14931.0855536734,18330.095,32015.05184,-15197.31779
-0.210436355886843,-0.714478814667178,32289.1767165187,-15076.9086656488,17818.153,32214.10039,-15331.8097
-0.197253795951707,-0.688395788427926,32484.8427608985,-15226.2456402791,17320.508,32413.99332,-15473.50302
-0.190840414001158,-0.680624593523033,32681.4742874565,-15379.2198755709,16836.762,32612.46168,-15625.35054
-0.144483421056988,-0.727987011177216,32879.0464753085,-15535.9678159771,16366.527,32826.40907,-15801.18404
-0.177686699796205,-0.75835819449095,33077.5442254913,-15696.6381439975,15909.425,33012.37873,-15974.76131
-0.0491857817520998,-0.794613279738124,33276.9624993484,-15861.3900396053,15465.09,33258.77615,-16155.19679
-0.0499499217185542,-0.888301385868674,33477.3091784463,-16030.3934353984,15033.164,33458.70543,-16361.23951
-0.0560850651601569,-0.786057891801816,33678.6037612235,-16203.8257963334,14613.302,33657.58097,-16498.46985
-0.0202445133848626,-0.809808602084956,33880.8809700875,-16381.8730083091,14205.166,33873.23649,-16687.66281
-0.0445250272158289,-0.835437614295498,34084.190088338,-16564.7267123355,13808.428,34067.26125,-16882.36803
0.0384611052682624,-0.756779430432249,34288.5943636203,-16752.5815911087,13422.772,34303.32634,-17042.45513
0.123708996561659,-0.745588604280751,34494.1755743916,-16945.6374847713,13047.886,34541.93008,-17233.45176
0.107770669840045,-0.81389717843568,34701.0294952775,-17144.0932814625,12683.471,34742.93473,-17460.5667
0.090244352963989,-0.829975444587589,34909.2702925985,-17348.149185753,12329.233,34944.60953,-17673.16342
0.177419764100469,-0.767385115643869,35119.0270239851,-17558.0016731023,11984.889,35189.04105,-17860.82995
0.223171017325343,-0.767221605550147,35330.4462482528,-17773.8444807406,11650.162,35419.19335,-18078.94097
0.275073909454762,-0.739248901945516,35543.6897801627,-17995.8650155607,11324.784,35653.91869,-18292.10031
0.272503693035372,-0.733140421343955,35758.9359901928,-18224.2445214523,11008.493,35868.94039,-18520.19894
0.33034368859611,-0.718681417326594,35976.3770558535,-18459.1542507275,10701.036,36110.79126,-18751.57997
0.311255013966873,-0.675977624707475,36196.2200426347,-18700.755853952,10402.166,36323.78044,-18977.78906
0.417114659309817,-0.663149342315724,36418.6851930945,-18949.1990602532,10111.643,36591.09253,-19223.3007
0.475056752301321,-0.614739958285176,36644.0046861279,-19204.6200393015,9829.234,36841.9415,-19460.75716
0.530701486893575,-0.609425847505982,36872.4212210569,-19467.1397822425,9554.713,37095.38351,-19723.17634
0.504656396279967,-0.597253942476833,37104.1881983582,-19736.8645794188,9287.859,37317.83191,-19989.70899
0.578270114260992,-0.507240591235446,37339.567415204,-20013.8839257992,9028.457,37586.40184,-20230.39942
0.584892753250454,-0.513017546898022,37578.8244527892,-20298.2658409687,8776.301,37830.54463,-20519.0531
0.629425629443,-0.430524453866094,37822.2332554935,-20590.0633248009,8531.187,38095.35866,-20776.87994
0.640287337110806,-0.394794425663633,38070.0686226383,-20889.3067890069,8292.919,38350.21527,-21062.04226
0.702960035401691,-0.342686485786794,38322.6080254052,-21196.0078040273,8061.305,38632.8839,-21347.26441
0.782851612258178,-0.262922186974221,38580.1262863362,-21510.1545413406,7836.16,38928.75336,-21627.2416
0.74404464761422,-0.216526890466775,38842.8952898997,-21831.7135465235,7617.304,39176.94656,-21928.92691
0.71405086491203,-0.158019532804728,39111.1855084182,-22160.6340631621,7404.559,39434.43405,-22232.169
0.781580734270954,-0.0685929221431343,39385.2536494829,-22496.8355984438,7197.757,39742.30599,-22528.17115
0.688640518487681,-0.025017088642993,39665.3527166133,-22840.2232203112,6996.73,39982.48655,-22851.74413
0.718105117931159,0.0563013822536196,39951.7190457576,-23190.6749007292,6801.318,40285.4263,-23164.51135
0.679759593389246,0.175917106798799,40244.5779121787,-23548.0518801894,6611.363,40563.12359,-23465.61445
0.749555445159383,0.209202053866285,40544.133506695,-23912.190158053,6426.714,40898.87089,-23813.18242
0.662968769001943,0.275304963709374,40850.5739007264,-24282.910539842,6247.222,41166.99948,-24151.51139
0.652109987295909,0.325774151685502,41164.0637858476,-24660.0139910957,6072.743,41478.21862,-24503.07187
0.605509520513056,0.392475762425092,41484.7433547065,-25043.2847078611,5903.137,41779.09443,-24852.49388
0.524280393922382,0.416111511230294,41812.7256744332,-25432.4915477354,5738.268,42069.90901,-25228.36996
0.446320631648592,0.486382809294089,42148.096218574,-25827.3921765961,5578.003,42369.00507,-25586.65433
0.453167490780216,0.5107893334987,42490.9040670803,-26227.7275600482,5422.215,42717.45813,-25972.36635
0.315724849697359,0.596428806979966,42841.1725013664,-26633.2393137805,5270.777,43000.36899,-26332.50476
0.388292827799875,0.642346797695427,43198.8814607671,-27043.6542093107,5123.569,43396.75999,-26716.30683
0.143386558193903,0.674773673678738,43563.9765414973,-27458.6997117101,4980.473,43637.64021,-27112.04027
0.158465674870928,0.716404933586447,43936.3680568088,-27878.1076847943,4841.373,44018.62125,-27506.25054
0.012216563154937,0.690875566773377,44315.9217603234,-28301.6087291384,4706.158,44322.32246,-27939.63401
-0.0460588132802498,0.719281374047657,44702.4654839338,-28728.9444090724,4574.719,44678.09449,-28348.35271
-0.10869798017067,0.607937418453133,45095.7826945179,-29159.8645658111,4446.951,45037.65383,-28834.75538
-0.198073950484399,0.649440663570213,45495.6145559543,-29594.1339289686,4322.752,45388.66724,-29243.47734
-0.280770917123772,0.659705504130007,45901.6631268612,-30031.5395021108,4202.022,45748.56321,-29671.81258
-0.380237434695283,0.598871417571236,46313.5921920736,-30471.8949132662,4084.663,46104.14612,-30142.01875
-0.468184425698515,0.659307785354959,46731.0172669155,-30915.0329057199,3970.582,46470.64928,-30548.37688
-0.494533973559016,0.572241118389394,47153.520445881,-31360.8239346156,3859.687,46875.49127,-31039.10746
-0.637408363612616,0.536188509737314,47580.6409533757,-31809.16827357,3751.89,47218.82145,-31504.80537
-0.72849391468203,0.453955874348622,48011.8926618881,-32260.0160369474,3647.103,47594.09164,-31999.66626
-0.839613741245782,0.340663555490039,48446.746517417,-32713.349728615,3545.243,47960.24325,-32515.95666
-0.906968628287866,0.235030006384767,48884.6491848402,-33169.2041504163,3446.228,48353.53797,-33031.57307
-0.990754809921593,0.151958376079987,49325.0224100831,-33627.6654136547,3349.978,48738.86234,-33537.76231
-0.963209477581951,0.0427525518654594,49767.2617270725,-34088.8686680497,3256.416,49190.93911,-34063.28829
-1.02393706628598,-0.116371021497201,50210.7443923476,-34553.0047542203,3165.467,49591.44524,-34623.38845
-1.11103602968647,-0.22488446918489,50654.8282114422,-35020.3166510761,3077.059,49975.9442,-35157.72936
-1.14279946410733,-0.414219853037377,51098.8758321836,-35491.122148996,2991.119,50392.80644,-35747.04453
