P 0
366.792196   362.963133
301.384272   300.034684
288.877046   286.240643
278.739446   277.688023
277.421244   271.646264
271.442257   264.992483
262.120686   255.717991
253.991774   237.592715
237.498557   235.474176
184.001529   182.808871
182.086998   180.957111
179.309358   178.509021
175.417524   173.769772
171.180447   170.427188
166.394118   164.432508
163.632171   161.890262
150.246145   148.661164
136.797346   135.714538
133.015362   131.869782
110.653008   109.303421
104.046306   102.382861
97.831925   95.760465
84.681292   83.520019
72.079909   70.793093
54.817741   53.562311
49.136919   46.720215
45.103849   43.848418
39.485798   37.979281
26.037000   23.369210
9.669326   7.817566
6.467978   -14.450631
-16.286698   -19.221266
-37.644707   -39.025681
-46.417027   -48.143244
-51.815378   -54.185003
-56.005377   -57.810058
-96.398850   -97.622895
-110.271356   -111.354165
-113.378546   -114.492741
