Time: 09:37; Datum: 17.07.2015
Sample Area [sqmm]: 0,000
Sample Thickness [mm]: 0,000
Voltage Level [V]: 0,010


F[Hz]		Z[Ohm]		Theta		Temperatur[°C]
40,000000	575,658000	-0,138712
41,191000	576,116800	-0,120055
42,417000	576,214900	-0,161233
43,680000	576,994000	-0,122684
44,981000	576,720200	-0,116016
46,320000	576,791600	-0,170709
47,699000	576,351900	-0,184495
49,120000	576,091200	-0,226837
50,582000	576,099000	-0,244906
52,088000	575,511600	-0,261865
53,639000	575,203400	-0,241195
55,236000	575,287300	-0,257032
56,881000	575,179600	-0,263726
58,575000	574,548200	-0,267164
60,319000	575,247200	-0,248049
62,115000	575,386900	-0,225012
63,964000	575,135800	-0,181212
65,869000	575,348000	-0,220374
67,830000	575,578000	-0,204133
69,849000	575,645000	-0,210809
71,929000	575,160500	-0,201857
74,071000	575,120100	-0,223862
76,276000	574,841200	-0,194552
78,547000	574,583000	-0,197355
80,886000	574,720400	-0,195042
83,295000	574,475300	-0,183561
85,775000	574,406400	-0,179360
88,329000	574,938300	-0,168786
90,959000	575,115300	-0,177667
93,667000	574,748700	-0,180587
96,456000	574,953800	-0,188971
99,328000	574,957000	-0,175655
102,285000	574,706400	-0,199293
105,331000	574,516500	-0,188461
108,467000	574,214400	-0,218112
111,697000	574,420700	-0,199496
115,022000	573,919100	-0,179073
118,447000	574,269800	-0,201287
121,974000	574,013400	-0,204047
125,606000	573,797200	-0,211911
129,345000	573,742800	-0,190832
133,197000	572,915500	-0,226365
137,163000	573,394500	-0,239591
141,247000	573,567600	-0,282243
145,452000	573,418700	-0,162798
149,783000	572,521600	-0,310595
154,243000	572,284700	-0,277301
158,835000	573,402600	-0,147563
163,565000	572,787700	-0,241485
168,435000	573,116300	-0,246199
173,450000	573,122100	-0,308114
178,614000	572,721100	-0,280398
183,932000	573,087300	-0,317375
189,409000	572,842200	-0,321271
195,049000	573,104400	-0,325279
200,856000	572,880200	-0,344052
206,837000	573,038500	-0,305284
212,995000	572,700800	-0,317020
219,337000	573,063800	-0,277045
225,868000	572,864800	-0,321022
232,593000	572,675000	-0,335982
239,518000	572,532700	-0,331667
246,650000	572,884400	-0,330576
253,994000	572,482500	-0,295293
261,557000	572,179600	-0,307264
269,344000	572,475100	-0,310500
277,364000	572,349200	-0,316652
285,623000	572,733000	-0,305243
294,127000	572,703300	-0,312328
302,884000	572,205000	-0,302240
311,903000	572,311600	-0,302899
321,190000	572,389900	-0,291946
330,753000	572,295700	-0,297369
340,601000	572,632100	-0,254058
350,742000	572,588900	-0,260564
361,186000	572,470600	-0,262151
371,940000	572,512700	-0,259794
383,014000	572,648600	-0,267977
394,419000	572,352700	-0,266611
406,162000	572,743900	-0,258589
418,256000	573,103500	-0,279481
430,709000	572,463200	-0,271675
443,534000	572,917500	-0,249560
456,740000	572,640200	-0,249149
470,339000	572,939000	-0,205070
484,343000	572,670200	-0,236589
498,765000	572,657500	-0,206066
513,615000	573,043200	-0,222169
528,908000	572,931900	-0,212720
544,656000	572,828100	-0,190645
560,873000	572,596900	-0,190864
577,573000	572,537100	-0,205286
594,770000	572,330000	-0,196772
612,480000	572,345600	-0,216523
630,716000	572,541900	-0,228792
649,495000	572,402900	-0,237582
668,834000	572,302600	-0,221021
688,749000	571,961600	-0,246638
709,256000	571,909900	-0,263524
730,374000	571,950700	-0,253221
752,121000	572,306600	-0,248303
774,515000	572,006700	-0,271617
797,576000	571,746400	-0,271646
821,324000	571,663500	-0,297619
845,778000	572,017000	-0,301845
870,961000	571,833700	-0,293085
896,894000	571,713100	-0,294963
923,599000	571,247300	-0,338012
951,099000	571,729600	-0,319834
979,418000	571,744900	-0,326933
1008,580000	571,467900	-0,345774
1038,610000	571,439000	-0,331921
1069,534000	571,661800	-0,384194
1101,380000	571,364800	-0,360170
1134,173000	571,265300	-0,337187
1167,943000	571,345900	-0,325113
1202,718000	571,392300	-0,335407
1238,529000	570,992600	-0,362707
1275,406000	571,032500	-0,351063
1313,381000	571,149700	-0,356163
1352,487000	570,586200	-0,352631
1392,757000	570,663500	-0,349690
1434,226000	570,895600	-0,344490
1476,930000	570,599200	-0,328178
1520,905000	570,753000	-0,332536
1566,190000	570,077100	-0,326660
1612,823000	570,595100	-0,324174
1660,844000	570,748700	-0,330146
1710,296000	570,797500	-0,320633
1761,219000	570,614000	-0,347792
1813,659000	570,925800	-0,351605
1867,661000	570,443000	-0,337643
1923,270000	570,313400	-0,330158
1980,535000	570,417700	-0,330896
2039,505000	570,097900	-0,347509
2100,231000	570,418800	-0,356634
2162,765000	570,318200	-0,346212
2227,161000	570,392900	-0,353623
2293,475000	570,153700	-0,353261
2361,762000	569,988500	-0,388823
2432,084000	570,025200	-0,336694
2504,498000	569,530200	-0,426846
2579,070000	569,734100	-0,360047
2655,861000	569,471600	-0,372580
2734,939000	569,612700	-0,410002
2816,371000	569,477500	-0,402123
2900,228000	570,203400	-0,397035
2986,582000	569,863500	-0,414032
3075,507000	569,666900	-0,422942
3167,080000	569,811100	-0,383551
3261,379000	569,784300	-0,427512
3358,486000	569,633200	-0,430028
3458,484000	569,404700	-0,411471
3561,460000	569,634300	-0,465026
3667,502000	569,524500	-0,443840
3776,701000	569,192600	-0,449566
3889,152000	569,757200	-0,472844
4004,951000	569,096400	-0,487151
4124,197000	569,121900	-0,482808
4246,995000	569,289300	-0,483288
4373,448000	569,353200	-0,506745
4503,667000	568,941500	-0,508885
4637,763000	568,915500	-0,536914
4775,852000	569,079500	-0,510677
4918,052000	569,010400	-0,552415
5064,486000	568,877500	-0,556126
5215,280000	568,737000	-0,568756
5370,564000	568,486100	-0,539295
5530,472000	568,690000	-0,576151
5695,141000	568,506600	-0,619251
5864,713000	568,425200	-0,620257
6039,334000	568,500300	-0,626882
6219,154000	568,373300	-0,635894
6404,328000	567,824400	-0,647790
6595,016000	567,936300	-0,652956
6791,381000	568,170500	-0,664901
6993,594000	568,032800	-0,699824
7201,827000	567,972000	-0,691801
7416,260000	568,041600	-0,735414
7637,078000	568,226900	-0,732218
7864,471000	567,774700	-0,746421
8098,634000	567,982300	-0,796741
8339,769000	567,849400	-0,758951
8588,085000	567,869100	-0,807750
8843,794000	567,905800	-0,780580
9107,116000	567,736200	-0,830772
9378,279000	567,424800	-0,848582
9657,516000	567,232700	-0,877332
9945,067000	567,695100	-0,855479
10241,179000	567,381700	-0,879278
10546,109000	567,650000	-0,925756
10860,117000	567,183500	-0,949252
11183,476000	567,385300	-0,972308
11516,462000	566,977800	-0,940130
11859,363000	566,919200	-1,017869
12212,473000	566,784900	-1,036282
12576,098000	566,774200	-1,055688
12950,549000	566,936500	-1,051488
13336,149000	566,694900	-1,094075
13733,231000	566,351400	-1,093862
14142,136000	566,830000	-1,133813
14563,215000	566,107200	-1,163395
14996,833000	566,250500	-1,189115
15443,361000	566,115800	-1,210495
15903,185000	565,917500	-1,263934
16376,699000	566,024800	-1,280411
16864,313000	565,835400	-1,299407
17366,445000	566,175900	-1,318049
17883,528000	565,701800	-1,320907
18416,007000	565,379600	-1,413382
18964,341000	564,882900	-1,423079
19529,001000	565,062900	-1,497000
20110,474000	564,762200	-1,529892
20709,260000	565,016200	-1,538512
21325,874000	564,869900	-1,574461
21960,849000	564,638700	-1,613297
22614,730000	564,363300	-1,639174
23288,079000	564,422900	-1,671957
23981,478000	564,268100	-1,696711
24695,523000	564,092800	-1,732939
25430,828000	564,001700	-1,794077
26188,027000	563,802100	-1,810005
26967,771000	563,839900	-1,888386
27770,732000	563,375000	-1,921916
28597,601000	563,257000	-1,946662
29449,090000	562,961600	-2,033262
30325,931000	562,993400	-2,065376
31228,881000	562,584700	-2,114253
32158,716000	562,604400	-2,148954
33116,236000	562,228000	-2,230528
34102,267000	562,392600	-2,268434
35117,656000	561,947500	-2,309072
36163,279000	561,591600	-2,384720
37240,034000	561,351200	-2,429408
38348,850000	561,186500	-2,478167
39490,681000	560,939400	-2,539710
40666,510000	560,612900	-2,593651
41877,348000	560,295000	-2,656484
43124,239000	560,138900	-2,723664
44408,257000	559,781700	-2,781683
45730,505000	559,274800	-2,854630
47092,123000	559,153900	-2,927217
48494,284000	558,920100	-2,969324
49938,193000	558,389000	-3,036614
51425,095000	558,102800	-3,115700
52956,268000	557,935400	-3,200845
54533,033000	557,414600	-3,246363
56156,745000	556,945200	-3,348790
57828,803000	556,602600	-3,421711
59550,646000	556,214000	-3,502098
61323,756000	555,784100	-3,552967
63149,661000	555,600400	-3,651182
65029,932000	555,134900	-3,722531
66966,188000	554,465400	-3,783685
68960,095000	554,124500	-3,891805
71013,370000	553,685800	-3,966721
73127,782000	552,937700	-4,059332
75305,149000	552,527900	-4,137166
77547,348000	551,766600	-4,225709
79856,307000	551,507200	-4,320534
82234,016000	550,679300	-4,399600
84682,520000	550,189600	-4,490428
87203,928000	549,883100	-4,585357
89800,411000	549,168600	-4,685864
92474,204000	548,232600	-4,785756
95227,608000	547,851100	-4,879975
98062,994000	547,437900	-4,982564
100982,804000	546,561200	-5,089280
103989,550000	545,781700	-5,185735
107085,822000	544,878400	-5,286537
110274,285000	544,139800	-5,385266
113557,684000	543,083000	-5,482769
116938,845000	542,700600	-5,600554
120420,680000	541,835800	-5,696037
124006,186000	541,168300	-5,807154
127698,450000	540,231000	-5,911994
131500,650000	539,345600	-6,028007
135416,061000	538,393900	-6,134259
139448,052000	537,574700	-6,250274
143600,094000	536,715600	-6,363726
147875,764000	535,724900	-6,481641
152278,740000	534,673300	-6,595968
156812,815000	533,697500	-6,714911
161481,891000	532,808800	-6,824872
166289,987000	531,598900	-6,938828
171241,245000	530,530300	-7,068500
176339,925000	529,503600	-7,178735
181590,417000	528,266900	-7,302631
186997,242000	527,240700	-7,426871
192565,054000	526,082500	-7,545567
198298,647000	525,086200	-7,674044
204202,957000	523,800800	-7,800290
210283,066000	522,592500	-7,925804
216544,210000	521,565300	-8,051160
222991,778000	520,390400	-8,184891
229631,322000	518,993100	-8,310023
236468,557000	517,983300	-8,437487
243509,369000	516,633800	-8,568095
250759,821000	515,228100	-8,689183
258226,153000	514,112700	-8,830158
265914,795000	512,838600	-8,956895
273832,364000	511,424400	-9,090571
281985,678000	509,668300	-9,225468
290381,755000	508,540600	-9,353004
299027,824000	507,107600	-9,481553
307931,329000	505,600300	-9,615324
317099,934000	503,790200	-9,740510
326541,532000	502,484900	-9,876070
336264,253000	500,949600	-10,016140
346276,466000	499,590200	-10,158130
356586,791000	497,895800	-10,294650
367204,104000	496,066200	-10,430830
378137,546000	494,826200	-10,597260
389396,529000	493,272500	-10,749480
400990,747000	491,501700	-10,892510
412930,181000	489,965900	-11,038110
425225,109000	488,083800	-11,182450
437886,117000	486,624100	-11,324040
450924,105000	484,902500	-11,464380
464350,296000	483,253400	-11,600640
478176,250000	481,740800	-11,745730
492413,869000	480,069000	-11,865760
507075,412000	478,321700	-11,997670
522173,499000	476,555500	-12,113210
537721,129000	474,975100	-12,236230
553731,688000	473,451800	-12,345150
570218,958000	471,788800	-12,456940
587197,134000	470,122000	-12,550690
604680,832000	468,482800	-12,642730
622685,105000	466,861500	-12,732490
641225,452000	465,258900	-12,808790
660317,834000	463,677000	-12,883760
679978,689000	462,190100	-12,948930
700224,943000	460,603600	-13,001980
721074,026000	459,035800	-13,044090
742543,887000	456,436500	-13,278940
764653,010000	452,586500	-13,714770
787420,428000	449,404600	-14,064850
810865,742000	446,792900	-14,270000
835009,136000	444,775300	-14,402890
859871,396000	442,621900	-14,529760
885473,926000	440,502900	-14,656710
911838,767000	438,748200	-14,791420
938988,617000	437,008100	-14,913900
966946,849000	435,129400	-15,044700
995737,533000	433,183500	-15,159580
1025385,455000	431,322600	-15,295600
1055916,138000	429,269400	-15,432120
1087355,868000	427,245300	-15,576530
1119731,711000	425,081600	-15,604000
1153071,539000	423,195200	-15,727460
1187404,055000	421,219600	-15,849610
1222758,816000	419,270800	-15,972500
1259166,259000	417,515000	-16,108450
1296657,728000	415,701100	-16,241600
1335265,499000	413,808300	-16,364810
1375022,811000	411,851300	-16,480190
1415963,890000	409,881300	-16,601750
1458123,982000	408,176500	-16,735120
1501539,385000	406,285400	-16,857010
1546247,474000	404,513900	-16,982000
1592286,739000	402,934300	-17,118110
1639696,815000	401,179400	-17,249450
1688518,519000	399,368900	-17,376290
1738793,881000	397,838200	-17,517480
1790566,184000	396,006800	-17,647510
1843879,998000	394,349400	-17,773510
1898781,223000	392,802000	-17,911160
1955317,122000	391,277000	-18,055730
2013536,369000	389,735400	-18,185320
2073489,084000	388,311200	-18,332840
2135226,882000	386,847300	-18,473540
2198802,912000	385,290800	-18,607600
2264271,908000	383,908500	-18,748530
2331690,233000	382,623500	-18,891430
2401115,927000	381,340800	-19,034150
2472608,760000	380,011000	-19,165120
2546230,280000	378,951200	-19,320770
2622043,870000	377,667400	-19,463820
2700114,796000	376,699300	-19,624580
2780510,271000	375,694800	-19,781100
2863299,508000	374,765000	-19,938940
2948553,782000	374,002000	-20,116930
3036346,487000	373,261000	-20,288110
3126753,206000	372,423400	-20,455990
3219851,770000	371,806300	-20,629550
3315722,328000	371,243300	-20,811620
3414447,417000	370,837800	-21,001840
3516112,029000	370,635200	-21,199170
3620803,688000	370,336800	-21,392000
3728612,524000	370,292900	-21,595680
3839631,351000	370,369400	-21,816420
3953955,745000	370,585100	-22,037120
4071684,128000	370,789600	-22,263390
4192917,856000	371,181600	-22,483520
4317761,297000	371,743000	-22,717600
4446321,932000	372,485700	-22,966140
4578710,438000	373,426100	-23,216940
4715040,791000	374,543700	-23,486130
4855430,357000	375,973600	-23,772270
5000000,000000	377,685800	-24,072320
