Time: 17:46; Datum: 17.07.2015
Sample Area [sqmm]: 0,000
Sample Thickness [mm]: 0,000
Voltage Level [V]: 0,010


F[Hz]		Z[Ohm]		Theta		Temperatur[°C]
40,000000	546,769900	-0,039054
41,191000	546,709700	-0,004279
42,417000	546,802700	-0,074388
43,680000	547,111800	-0,007652
44,981000	547,134300	-0,023860
46,320000	547,371000	-0,040047
47,699000	546,583300	-0,078086
49,120000	546,338600	-0,078835
50,582000	546,952600	-0,105196
52,088000	546,313100	-0,127387
53,639000	545,658300	-0,126764
55,236000	545,845500	-0,124810
56,881000	545,738500	-0,136094
58,575000	545,413600	-0,157587
60,319000	546,129800	-0,107756
62,115000	546,362400	-0,082257
63,964000	545,927300	-0,070787
65,869000	546,180500	-0,091143
67,830000	546,205300	-0,068431
69,849000	546,555000	-0,060271
71,929000	546,035300	-0,090595
74,071000	546,487800	-0,076863
76,276000	546,351400	-0,059264
78,547000	545,989600	-0,064512
80,886000	546,884700	-0,049428
83,295000	546,241000	-0,055935
85,775000	546,324100	-0,039181
88,329000	546,576800	-0,035329
90,959000	546,633700	-0,035335
93,667000	546,431000	-0,041554
96,456000	547,105100	-0,042044
99,328000	546,907400	-0,048029
102,285000	546,109800	-0,046756
105,331000	546,348700	-0,023741
108,467000	545,920700	-0,053782
111,697000	546,335100	-0,065913
115,022000	546,386100	-0,068933
118,447000	546,216900	-0,060164
121,974000	546,358800	-0,070585
125,606000	546,383500	-0,081155
129,345000	546,906600	-0,125415
133,197000	547,162400	-0,053681
137,163000	546,569000	-0,089366
141,247000	545,665500	-0,067736
145,452000	546,582700	-0,155047
149,783000	546,690200	-0,032143
154,243000	546,815500	-0,061529
158,835000	546,574200	-0,211115
163,565000	546,548800	-0,111768
168,435000	546,094500	-0,189034
173,450000	546,127900	-0,110096
178,614000	545,812800	-0,160494
183,932000	546,014200	-0,150590
189,409000	546,130400	-0,175494
195,049000	545,352200	-0,209056
200,856000	545,919100	-0,158363
206,837000	545,906700	-0,194762
212,995000	545,769700	-0,200406
219,337000	545,689100	-0,211527
225,868000	545,408500	-0,212279
232,593000	545,495900	-0,235390
239,518000	546,062000	-0,191681
246,650000	546,124700	-0,188941
253,994000	546,004500	-0,161072
261,557000	545,743300	-0,230646
269,344000	546,069500	-0,189894
277,364000	545,888900	-0,193079
285,623000	546,054100	-0,196879
294,127000	546,000500	-0,214725
302,884000	546,101500	-0,228706
311,903000	545,655500	-0,201949
321,190000	545,723900	-0,198534
330,753000	546,079700	-0,165529
340,601000	546,550000	-0,186748
350,742000	546,072400	-0,158938
361,186000	545,430400	-0,169592
371,940000	545,770600	-0,156409
383,014000	546,092200	-0,175387
394,419000	545,990500	-0,190458
406,162000	545,808300	-0,152786
418,256000	546,179100	-0,130943
430,709000	546,750900	-0,137641
443,534000	546,660200	-0,135442
456,740000	546,906800	-0,146595
470,339000	546,589400	-0,153134
484,343000	546,586300	-0,137178
498,765000	547,164400	-0,122770
513,615000	546,935400	-0,135888
528,908000	546,782100	-0,126551
544,656000	546,530200	-0,126411
560,873000	546,655800	-0,132959
577,573000	546,438000	-0,122233
594,770000	546,408500	-0,154530
612,480000	546,793600	-0,158550
630,716000	546,814500	-0,146642
649,495000	546,866800	-0,164592
668,834000	546,830600	-0,134197
688,749000	546,400000	-0,172396
709,256000	546,346600	-0,200387
730,374000	546,297300	-0,222445
752,121000	546,569300	-0,202780
774,515000	546,067400	-0,197580
797,576000	546,214200	-0,196727
821,324000	545,697600	-0,238547
845,778000	545,819900	-0,233001
870,961000	546,244300	-0,233518
896,894000	545,871500	-0,245655
923,599000	545,820100	-0,255533
951,099000	545,393900	-0,255666
979,418000	546,332200	-0,239945
1008,580000	545,725500	-0,290603
1038,610000	545,483300	-0,264477
1069,534000	545,627100	-0,280612
1101,380000	545,567000	-0,299542
1134,173000	545,624900	-0,273117
1167,943000	545,443100	-0,265833
1202,718000	545,494500	-0,268924
1238,529000	545,013200	-0,271369
1275,406000	545,189500	-0,287140
1313,381000	544,980500	-0,272203
1352,487000	545,438500	-0,272521
1392,757000	545,178800	-0,273276
1434,226000	544,943200	-0,262471
1476,930000	544,532600	-0,299965
1520,905000	544,767200	-0,287841
1566,190000	544,869000	-0,233766
1612,823000	544,903500	-0,258952
1660,844000	544,779700	-0,259400
1710,296000	544,491300	-0,263485
1761,219000	543,822300	-0,276975
1813,659000	543,959000	-0,273217
1867,661000	544,587800	-0,274494
1923,270000	544,328700	-0,283470
1980,535000	544,707900	-0,269927
2039,505000	543,721700	-0,244157
2100,231000	543,944100	-0,284419
2162,765000	543,375100	-0,257360
2227,161000	543,371400	-0,270590
2293,475000	543,798200	-0,294930
2361,762000	543,479900	-0,282349
2432,084000	544,202100	-0,290649
2504,498000	544,242200	-0,303897
2579,070000	543,426500	-0,266709
2655,861000	542,968600	-0,288050
2734,939000	543,442800	-0,310835
2816,371000	543,660400	-0,304657
2900,228000	543,195600	-0,308485
2986,582000	543,490800	-0,341006
3075,507000	543,550300	-0,332454
3167,080000	543,213200	-0,308806
3261,379000	542,892000	-0,328022
3358,486000	543,560700	-0,340821
3458,484000	543,191500	-0,341666
3561,460000	543,308200	-0,321991
3667,502000	543,291400	-0,332380
3776,701000	543,657100	-0,364272
3889,152000	543,294400	-0,333418
4004,951000	543,150900	-0,362410
4124,197000	543,245200	-0,348604
4246,995000	542,923900	-0,346376
4373,448000	542,663300	-0,346757
4503,667000	542,724500	-0,366465
4637,763000	543,304700	-0,393231
4775,852000	543,137800	-0,370622
4918,052000	542,582100	-0,385140
5064,486000	543,057900	-0,372894
5215,280000	542,795100	-0,418033
5370,564000	542,789600	-0,406609
5530,472000	542,818100	-0,439832
5695,141000	542,460100	-0,415853
5864,713000	542,395500	-0,416057
6039,334000	542,308600	-0,428396
6219,154000	541,863300	-0,450617
6404,328000	542,247500	-0,423710
6595,016000	542,239700	-0,449644
6791,381000	542,236400	-0,468769
6993,594000	541,715300	-0,440371
7201,827000	542,093600	-0,460730
7416,260000	542,229300	-0,473212
7637,078000	541,956300	-0,501333
7864,471000	541,614600	-0,455470
8098,634000	541,240200	-0,473243
8339,769000	541,912800	-0,515792
8588,085000	541,651200	-0,485237
8843,794000	542,055200	-0,506321
9107,116000	542,207900	-0,511546
9378,279000	542,283100	-0,551911
9657,516000	542,146600	-0,516141
9945,067000	541,702500	-0,499587
10241,179000	542,154100	-0,560397
10546,109000	541,549600	-0,556635
10860,117000	541,120500	-0,576381
11183,476000	540,939600	-0,571084
11516,462000	541,303500	-0,613637
11859,363000	541,644300	-0,567599
12212,473000	541,223600	-0,613119
12576,098000	541,499400	-0,632235
12950,549000	541,331500	-0,638438
13336,149000	540,763200	-0,621009
13733,231000	540,571100	-0,669754
14142,136000	540,671400	-0,635109
14563,215000	540,247600	-0,643390
14996,833000	540,475500	-0,660235
15443,361000	540,507000	-0,708828
15903,185000	540,211900	-0,673285
16376,699000	540,330900	-0,697480
16864,313000	540,821500	-0,692492
17366,445000	540,294400	-0,725369
17883,528000	539,920200	-0,734481
18416,007000	539,640100	-0,751205
18964,341000	539,885600	-0,745229
19529,001000	539,137900	-0,765450
20110,474000	539,572300	-0,768289
20709,260000	539,400300	-0,760674
21325,874000	538,821800	-0,790343
21960,849000	538,845000	-0,830936
22614,730000	538,702400	-0,832581
23288,079000	538,372300	-0,846083
23981,478000	538,325900	-0,874266
24695,523000	538,099500	-0,867782
25430,828000	538,301500	-0,858789
26188,027000	538,663600	-0,889450
26967,771000	537,835600	-0,929670
27770,732000	538,274500	-0,944242
28597,601000	538,606800	-0,968707
29449,090000	538,443000	-0,988986
30325,931000	538,362200	-0,989376
31228,881000	538,105000	-1,012720
32158,716000	537,353700	-1,035953
33116,236000	537,628000	-1,047772
34102,267000	536,937000	-1,063746
35117,656000	537,095000	-1,080216
36163,279000	537,120400	-1,091674
37240,034000	536,927700	-1,122263
38348,850000	537,223000	-1,147355
39490,681000	537,030500	-1,158758
40666,510000	536,899000	-1,191409
41877,348000	536,553700	-1,216159
43124,239000	536,786000	-1,235999
44408,257000	536,422900	-1,262277
45730,505000	535,772800	-1,274925
47092,123000	536,330300	-1,299459
48494,284000	535,757700	-1,323571
49938,193000	535,719400	-1,328412
51425,095000	535,877200	-1,356377
52956,268000	535,395300	-1,383164
54533,033000	535,359500	-1,407482
56156,745000	534,984400	-1,426256
57828,803000	534,805000	-1,459162
59550,646000	534,647600	-1,482329
61323,756000	534,246300	-1,519086
63149,661000	533,931300	-1,532872
65029,932000	533,926300	-1,559644
66966,188000	533,456800	-1,575396
68960,095000	533,562900	-1,592171
71013,370000	533,425000	-1,636210
73127,782000	533,343600	-1,652394
75305,149000	532,870200	-1,678460
77547,348000	532,514700	-1,702809
79856,307000	531,994800	-1,725327
82234,016000	531,962900	-1,772838
84682,520000	531,798900	-1,788607
87203,928000	532,298900	-1,806088
89800,411000	531,573100	-1,842348
92474,204000	531,259900	-1,865207
95227,608000	530,629800	-1,894482
98062,994000	530,448200	-1,935140
100982,804000	530,115400	-1,952291
103989,550000	529,607200	-1,985850
107085,822000	529,377700	-2,018020
110274,285000	529,142300	-2,041668
113557,684000	528,547600	-2,073415
116938,845000	528,086900	-2,096232
120420,680000	527,918400	-2,124886
124006,186000	527,818500	-2,152566
127698,450000	527,539100	-2,188878
131500,650000	527,166000	-2,211520
135416,061000	526,623800	-2,249908
139448,052000	526,952100	-2,292348
143600,094000	526,177700	-2,315261
147875,764000	526,447100	-2,354813
152278,740000	525,820400	-2,380376
156812,815000	525,647500	-2,408399
161481,891000	524,993200	-2,446315
166289,987000	524,888400	-2,478724
171241,245000	524,457300	-2,519376
176339,925000	523,988200	-2,550479
181590,417000	523,781900	-2,582546
186997,242000	523,630100	-2,625204
192565,054000	522,852100	-2,654660
198298,647000	522,806500	-2,695951
204202,957000	522,335400	-2,726337
210283,066000	521,295800	-2,758347
216544,210000	521,097400	-2,794034
222991,778000	520,864800	-2,835660
229631,322000	520,348400	-2,871419
236468,557000	520,134400	-2,908603
243509,369000	519,624000	-2,946570
250759,821000	519,012200	-2,981741
258226,153000	519,020400	-3,019080
265914,795000	518,358800	-3,056125
273832,364000	517,830100	-3,094723
281985,678000	517,824500	-3,135976
290381,755000	517,378100	-3,174496
299027,824000	517,006600	-3,205330
307931,329000	516,767100	-3,249365
317099,934000	516,618800	-3,288565
326541,532000	515,502400	-3,325646
336264,253000	515,577600	-3,377364
346276,466000	515,048000	-3,412840
356586,791000	514,226100	-3,450962
367204,104000	513,834300	-3,509132
378137,546000	512,877900	-3,561167
389396,529000	512,467900	-3,615192
400990,747000	512,093400	-3,665776
412930,181000	511,900900	-3,715898
425225,109000	511,455400	-3,759424
437886,117000	510,978300	-3,809164
450924,105000	510,330900	-3,848553
464350,296000	510,005200	-3,890355
478176,250000	509,426300	-3,922740
492413,869000	509,507000	-3,957741
507075,412000	509,103200	-3,981629
522173,499000	508,727700	-4,004762
537721,129000	508,338200	-4,023698
553731,688000	507,834700	-4,026190
570218,958000	507,528200	-4,029408
587197,134000	507,174000	-4,026305
604680,832000	507,091400	-4,022598
622685,105000	506,744800	-4,002715
641225,452000	506,673000	-3,979048
660317,834000	506,430100	-3,946552
679978,689000	506,050600	-3,899728
700224,943000	505,969000	-3,844611
721074,026000	506,012100	-3,785428
742543,887000	504,900600	-3,950258
764653,010000	502,379600	-4,370953
787420,428000	500,430200	-4,684413
810865,742000	499,786100	-4,842877
835009,136000	498,958500	-4,896194
859871,396000	498,526600	-4,956917
885473,926000	497,601400	-5,012778
911838,767000	497,144500	-5,062623
938988,617000	496,986700	-5,118672
966946,849000	496,526400	-5,165172
995737,533000	496,232100	-5,227495
1025385,455000	495,986500	-5,300920
1055916,138000	495,207300	-5,369973
1087355,868000	494,592900	-5,448334
1119731,711000	494,074800	-5,503352
1153071,539000	493,869900	-5,573496
1187404,055000	493,569100	-5,647305
1222758,816000	493,142400	-5,720024
1259166,259000	492,780100	-5,795562
1296657,728000	492,313700	-5,876400
1335265,499000	491,945600	-5,942263
1375022,811000	491,544500	-6,028156
1415963,890000	491,680600	-6,110962
1458123,982000	491,165400	-6,183535
1501539,385000	490,688800	-6,274932
1546247,474000	490,410900	-6,355812
1592286,739000	490,105800	-6,454498
1639696,815000	489,905800	-6,552391
1688518,519000	489,291600	-6,641235
1738793,881000	489,474700	-6,743060
1790566,184000	489,213200	-6,838063
1843879,998000	489,262000	-6,951814
1898781,223000	488,798800	-7,056414
1955317,122000	488,707900	-7,164912
2013536,369000	488,781800	-7,276433
2073489,084000	488,760200	-7,398306
2135226,882000	488,752800	-7,510159
2198802,912000	489,256200	-7,641175
2264271,908000	489,290200	-7,757628
2331690,233000	489,128400	-7,875927
2401115,927000	489,608000	-8,001312
2472608,760000	489,965800	-8,131453
2546230,280000	489,942400	-8,256085
2622043,870000	490,674100	-8,395144
2700114,796000	490,954900	-8,530216
2780510,271000	491,056300	-8,670145
2863299,508000	491,995000	-8,826494
2948553,782000	492,896700	-8,985406
3036346,487000	493,635300	-9,146779
3126753,206000	494,522300	-9,316240
3219851,770000	495,310200	-9,486969
3315722,328000	496,602800	-9,663653
3414447,417000	497,919500	-9,842987
3516112,029000	499,256800	-10,022690
3620803,688000	500,738300	-10,208600
3728612,524000	502,320500	-10,410880
3839631,351000	504,287100	-10,622710
3953955,745000	506,032900	-10,835850
4071684,128000	508,025900	-11,046120
4192917,856000	510,327200	-11,269850
4317761,297000	512,689100	-11,488400
4446321,932000	515,643500	-11,725770
4578710,438000	518,627900	-11,970400
4715040,791000	521,732400	-12,225290
4855430,357000	525,234100	-12,495550
5000000,000000	529,834900	-12,771400
