Bruker Nano GmbH Berlin, Germany
Esprit 1.9

Datum: 11.09.2015 19:15:29
Real-Zeit: 178888
Life-Zeit: 154255
Impulsdichte: 28210

Primärenergie: 10
Abnahmewinkel: 35
Kippungwinkel: 0
Azimutwinkel: 45

Detektor-Typ: XFlash 6|30
Fenster-Typ: slew AP3.3
Detektordicke: 0.45
Si-Totschicht:0.029

Kalibrierung, lin.: 2.501
Kalibrierung, abs.: -238.74
Mn-FWHM: 123.426
Fano-Faktor: 0.106
Kanäle: 4096

Energie Impulse
-0.2387      0
-0.2362      0
-0.2337      0
-0.2312      0
-0.2287      0
-0.2262      0
-0.2237      0
-0.2212      0
-0.2187      0
-0.2162      0
-0.2137      0
-0.2112      0
-0.2087      0
-0.2062      0
-0.2037      0
-0.2012      0
-0.1987      0
-0.1962      0
-0.1937      0
-0.1912      0
-0.1887      0
-0.1862      0
-0.1837      0
-0.1812      0
-0.1787      0
-0.1762      0
-0.1737      0
-0.1712      0
-0.1687      0
-0.1662      0
-0.1637      0
-0.1612      0
-0.1587      0
-0.1562      0
-0.1537      0
-0.1512      0
-0.1487      0
-0.1462      0
-0.1437      0
-0.1412      0
-0.1387      0
-0.1362      0
-0.1337      0
-0.1312      0
-0.1287      0
-0.1262      0
-0.1237      0
-0.1212      0
-0.1187      0
-0.1162      0
-0.1137      0
-0.1112      0
-0.1087      0
-0.1062      0
-0.1037      1
-0.1012      0
-0.0987      0
-0.0962      1
-0.0937      0
-0.0912      1
-0.0887      1
-0.0862      1
-0.0837      3
-0.0812      5
-0.0787      4
-0.0762     13
-0.0737     12
-0.0712     18
-0.0687     33
-0.0662     76
-0.0637     96
-0.0612    161
-0.0587    245
-0.0562    404
-0.0537    613
-0.0511    958
-0.0486   1407
-0.0461   2095
-0.0436   2941
-0.0411   4083
-0.0386   5721
-0.0361   7533
-0.0336  10266
-0.0311  12874
-0.0286  16458
-0.0261  20303
-0.0236  24975
-0.0211  29472
-0.0186  34507
-0.0161  39674
-0.0136  44592
-0.0111  49090
-0.0086  52835
-0.0061  56334
-0.0036  57910
-0.0011  59459
 0.0014  58989
 0.0039  58007
 0.0064  55908
 0.0089  52339
 0.0114  48281
 0.0139  43919
 0.0164  38838
 0.0189  33790
 0.0214  29034
 0.0239  24293
 0.0264  19811
 0.0289  16174
 0.0314  12846
 0.0339  10026
 0.0364   7714
 0.0389   5825
 0.0414   4285
 0.0439   3162
 0.0464   2250
 0.0489   1619
 0.0514   1054
 0.0539    800
 0.0564    593
 0.0589    392
 0.0614    307
 0.0639    181
 0.0664    139
 0.0689    131
 0.0714     96
 0.0739     80
 0.0764     68
 0.0789     50
 0.0814      0
 0.0839      0
 0.0864      0
 0.0889      0
 0.0914      0
 0.0939      0
 0.0964      0
 0.0989    356
 0.1014    323
 0.1039    221
 0.1064    122
 0.1089     81
 0.1114     56
 0.1139     31
 0.1164      3
 0.1189      0
 0.1214      0
 0.1239      0
 0.1264      0
 0.1289      0
 0.1314      0
 0.1339      0
 0.1364      0
 0.1389      0
 0.1414      0
 0.1439     14
 0.1464     16
 0.1489     43
 0.1514     49
 0.1539     66
 0.1565     87
  0.159     94
 0.1615    113
  0.164    137
 0.1665    178
  0.169    242
 0.1715    283
  0.174    311
 0.1765    349
  0.179    408
 0.1815    429
  0.184    503
 0.1865    609
  0.189    750
 0.1915    851
  0.194    980
 0.1965   1121
  0.199   1365
 0.2015   1528
  0.204   1932
 0.2065   2323
  0.209   2832
 0.2115   3374
  0.214   4119
 0.2165   5006
  0.219   6105
 0.2215   7530
  0.224   9188
 0.2265  11328
  0.229  13781
 0.2315  16742
  0.234  20265
 0.2365  24456
  0.239  29119
 0.2415  34441
  0.244  40231
 0.2465  46606
  0.249  53625
 0.2515  60899
  0.254  68423
 0.2565  76235
  0.259  83971
 0.2615  91389
  0.264  98350
 0.2665 104686
  0.269 109935
 0.2715 113839
  0.274 116527
 0.2765 118061
  0.279 117871
 0.2815 116123
  0.284 113178
 0.2865 108867
  0.289 103566
 0.2915  97386
  0.294  90586
 0.2965  82935
  0.299  74848
 0.3015  66800
  0.304  58773
 0.3065  51164
  0.309  43795
 0.3115  37097
  0.314  31071
 0.3165  25691
  0.319  21063
 0.3215  17018
  0.324  13682
 0.3265  10730
  0.329   8446
 0.3315   6532
  0.334   5132
 0.3365   4016
  0.339   3132
 0.3415   2449
  0.344   1934
 0.3465   1568
  0.349   1310
 0.3515   1094
  0.354    977
 0.3565    934
  0.359    881
 0.3615    856
  0.364    874
 0.3666    886
 0.3691    859
 0.3716    922
 0.3741    899
 0.3766    930
 0.3791    957
 0.3816    962
 0.3841    965
 0.3866   1013
 0.3891   1026
 0.3916   1051
 0.3941   1068
 0.3966   1063
 0.3991   1087
 0.4016   1079
 0.4041   1065
 0.4066   1065
 0.4091   1050
 0.4116   1058
 0.4141   1037
 0.4166   1011
 0.4191   1075
 0.4216   1087
 0.4241   1093
 0.4266   1129
 0.4291   1159
 0.4316   1177
 0.4341   1189
 0.4366   1193
 0.4391   1218
 0.4416   1267
 0.4441   1279
 0.4466   1308
 0.4491   1336
 0.4516   1298
 0.4541   1304
 0.4566   1421
 0.4591   1474
 0.4616   1497
 0.4641   1575
 0.4666   1638
 0.4691   1763
 0.4716   1836
 0.4741   1905
 0.4766   2081
 0.4791   2249
 0.4816   2477
 0.4841   2718
 0.4866   2930
 0.4891   3247
 0.4916   3659
 0.4941   3987
 0.4966   4332
 0.4991   4761
 0.5016   5246
 0.5041   5662
 0.5066   6006
 0.5091   6463
 0.5116   6856
 0.5141   7087
 0.5166   7392
 0.5191   7672
 0.5216   7808
 0.5241   8034
 0.5266   8051
 0.5291   7931
 0.5316   7715
 0.5341   7494
 0.5366   7426
 0.5391   7059
 0.5416   6618
 0.5441   6260
 0.5466   5791
 0.5491   5457
 0.5516   5006
 0.5541   4489
 0.5566   3998
 0.5591   3579
 0.5616   3170
 0.5641   2876
 0.5666   2489
 0.5691   2228
 0.5716   2017
 0.5742   1733
 0.5767   1555
 0.5792   1411
 0.5817   1311
 0.5842   1114
 0.5867   1074
 0.5892   1020
 0.5917    977
 0.5942    981
 0.5967    900
 0.5992    877
 0.6017    913
 0.6042    904
 0.6067    940
 0.6092    989
 0.6117   1040
 0.6142   1159
 0.6167   1219
 0.6192   1232
 0.6217   1283
 0.6242   1322
 0.6267   1390
 0.6292   1488
 0.6317   1623
 0.6342   1658
 0.6367   1864
 0.6392   1940
 0.6417   2078
 0.6442   2150
 0.6467   2316
 0.6492   2445
 0.6517   2598
 0.6542   2785
 0.6567   2888
 0.6592   3039
 0.6617   3113
 0.6642   3213
 0.6667   3343
 0.6692   3412
 0.6717   3564
 0.6742   3562
 0.6767   3563
 0.6792   3557
 0.6817   3601
 0.6842   3523
 0.6867   3385
 0.6892   3263
 0.6917   3201
 0.6942   3087
 0.6967   2972
 0.6992   2765
 0.7017   2585
 0.7042   2507
 0.7067   2272
 0.7092   2197
 0.7117   1985
 0.7142   1880
 0.7167   1663
 0.7192   1580
 0.7217   1505
 0.7242   1333
 0.7267   1288
 0.7292   1113
 0.7317   1145
 0.7342   1042
 0.7367   1031
 0.7392    931
 0.7417    946
 0.7442    900
 0.7467    866
 0.7492    903
 0.7517    922
 0.7542    881
 0.7567    889
 0.7592    843
 0.7617    854
 0.7642    903
 0.7667    890
 0.7692    927
 0.7717    928
 0.7742    906
 0.7767    921
 0.7792    941
 0.7818    957
 0.7843    914
 0.7868   1060
 0.7893   1068
 0.7918   1068
 0.7943   1112
 0.7968   1076
 0.7993   1133
 0.8018   1130
 0.8043   1285
 0.8068   1229
 0.8093   1229
 0.8118   1341
 0.8143   1282
 0.8168   1353
 0.8193   1349
 0.8218   1414
 0.8243   1401
 0.8268   1381
 0.8293   1432
 0.8318   1453
 0.8343   1423
 0.8368   1496
 0.8393   1506
 0.8418   1481
 0.8443   1475
 0.8468   1520
 0.8493   1416
 0.8518   1392
 0.8543   1403
 0.8568   1376
 0.8593   1370
 0.8618   1368
 0.8643   1265
 0.8668   1255
 0.8693   1202
 0.8718   1223
 0.8743   1184
 0.8768   1184
 0.8793   1150
 0.8818   1086
 0.8843   1106
 0.8868   1058
 0.8893    991
 0.8918   1038
 0.8943   1054
 0.8968    995
 0.8993   1069
 0.9018    975
 0.9043    971
 0.9068    984
 0.9093    985
 0.9118    975
 0.9143    938
 0.9168    946
 0.9193    953
 0.9218    934
 0.9243    929
 0.9268    942
 0.9293    993
 0.9318    987
 0.9343    935
 0.9368    928
 0.9393    956
 0.9418    919
 0.9443    978
 0.9468    962
 0.9493    966
 0.9518    988
 0.9543    968
 0.9568    967
 0.9593    991
 0.9618    981
 0.9643    949
 0.9668    932
 0.9693    971
 0.9718    940
 0.9743    901
 0.9768   1006
 0.9793    942
 0.9818    986
 0.9843    969
 0.9868    952
 0.9893   1005
 0.9919    953
 0.9944   1010
 0.9969    966
 0.9994   1039
 1.0019   1035
 1.0044   1026
 1.0069   1020
 1.0094   1062
 1.0119   1095
 1.0144   1147
 1.0169   1072
 1.0194   1086
 1.0219   1079
 1.0244   1098
 1.0269   1075
 1.0294   1114
 1.0319   1086
 1.0344   1060
 1.0369   1074
 1.0394   1072
 1.0419    986
 1.0444   1031
 1.0469   1095
 1.0494   1097
 1.0519   1081
 1.0544   1058
 1.0569   1089
 1.0594   1001
 1.0619   1073
 1.0644   1037
 1.0669   1057
 1.0694    998
 1.0719   1068
 1.0744    978
 1.0769   1025
 1.0794   1012
 1.0819   1018
 1.0844    993
 1.0869   1002
 1.0894    965
 1.0919   1027
 1.0944   1011
 1.0969   1022
 1.0994   1019
 1.1019   1031
 1.1044    999
 1.1069   1048
 1.1094   1035
 1.1119   1010
 1.1144   1061
 1.1169   1083
 1.1194   1031
 1.1219   1020
 1.1244    989
 1.1269    981
 1.1294    985
 1.1319    992
 1.1344    998
 1.1369    945
 1.1394   1039
 1.1419    967
 1.1444    971
 1.1469    953
 1.1494    978
 1.1519    928
 1.1544    924
 1.1569    946
 1.1594    913
 1.1619    948
 1.1644    937
 1.1669    951
 1.1694    896
 1.1719    977
 1.1744    910
 1.1769    953
 1.1794    904
 1.1819    908
 1.1844    912
 1.1869    940
 1.1894    948
 1.1919    920
 1.1944    889
 1.1969    875
 1.1995    943
  1.202    897
 1.2045    859
  1.207    903
 1.2095    923
  1.212    937
 1.2145    894
  1.217    871
 1.2195    858
  1.222    929
 1.2245    895
  1.227    929
 1.2295    935
  1.232    858
 1.2345    887
  1.237    890
 1.2395    917
  1.242    898
 1.2445    862
  1.247    873
 1.2495    875
  1.252    862
 1.2545    905
  1.257    893
 1.2595    920
  1.262    930
 1.2645    879
  1.267    888
 1.2695    890
  1.272    915
 1.2745    890
  1.277    895
 1.2795    947
  1.282    869
 1.2845    831
  1.287    897
 1.2895    915
  1.292    911
 1.2945    861
  1.297    927
 1.2995    910
  1.302    901
 1.3045    899
  1.307    892
 1.3095    914
  1.312    873
 1.3145    861
  1.317    876
 1.3195    923
  1.322    873
 1.3245    861
  1.327    894
 1.3295    902
  1.332    895
 1.3345    901
  1.337    897
 1.3395    908
  1.342    881
 1.3445    912
  1.347    891
 1.3495    914
  1.352    870
 1.3545    881
  1.357    872
 1.3595    905
  1.362    898
 1.3645    880
  1.367    870
 1.3695    911
  1.372    903
 1.3745    918
  1.377    931
 1.3795    914
  1.382    903
 1.3845    886
  1.387    893
 1.3895    948
  1.392    952
 1.3945    947
  1.397    955
 1.3995    957
  1.402    992
 1.4045   1077
 1.4071   1029
 1.4096   1065
 1.4121   1140
 1.4146   1230
 1.4171   1283
 1.4196   1345
 1.4221   1439
 1.4246   1545
 1.4271   1692
 1.4296   1839
 1.4321   1958
 1.4346   2104
 1.4371   2307
 1.4396   2482
 1.4421   2733
 1.4446   3015
 1.4471   3310
 1.4496   3588
 1.4521   3798
 1.4546   4028
 1.4571   4330
 1.4596   4667
 1.4621   4973
 1.4646   5250
 1.4671   5530
 1.4696   5834
 1.4721   6043
 1.4746   6159
 1.4771   6424
 1.4796   6620
 1.4821   6798
 1.4846   6914
 1.4871   6927
 1.4896   6926
 1.4921   6931
 1.4946   6900
 1.4971   6690
 1.4996   6478
 1.5021   6288
 1.5046   6103
 1.5071   5944
 1.5096   5703
 1.5121   5382
 1.5146   5142
 1.5171   4933
 1.5196   4623
 1.5221   4322
 1.5246   4067
 1.5271   3766
 1.5296   3425
 1.5321   3146
 1.5346   2920
 1.5371   2761
 1.5396   2561
 1.5421   2319
 1.5446   2129
 1.5471   1975
 1.5496   1827
 1.5521   1712
 1.5546   1563
 1.5571   1422
 1.5596   1387
 1.5621   1316
 1.5646   1205
 1.5671   1142
 1.5696   1132
 1.5721   1093
 1.5746   1021
 1.5771    969
 1.5796    965
 1.5821    942
 1.5846    937
 1.5871    909
 1.5896    850
 1.5921    855
 1.5946    857
 1.5971    832
 1.5996    818
 1.6021    801
 1.6046    808
 1.6071    806
 1.6096    782
 1.6121    766
 1.6146    772
 1.6172    769
 1.6197    753
 1.6222    758
 1.6247    772
 1.6272    778
 1.6297    778
 1.6322    772
 1.6347    759
 1.6372    734
 1.6397    735
 1.6422    747
 1.6447    742
 1.6472    737
 1.6497    696
 1.6522    725
 1.6547    725
 1.6572    734
 1.6597    720
 1.6622    719
 1.6647    759
 1.6672    757
 1.6697    730
 1.6722    721
 1.6747    729
 1.6772    758
 1.6797    722
 1.6822    701
 1.6847    697
 1.6872    715
 1.6897    701
 1.6922    712
 1.6947    733
 1.6972    723
 1.6997    727
 1.7022    721
 1.7047    745
 1.7072    774
 1.7097    758
 1.7122    784
 1.7147    768
 1.7172    754
 1.7197    762
 1.7222    754
 1.7247    757
 1.7272    770
 1.7297    794
 1.7322    801
 1.7347    761
 1.7372    738
 1.7397    751
 1.7422    784
 1.7447    765
 1.7472    764
 1.7497    747
 1.7522    772
 1.7547    715
 1.7572    726
 1.7597    784
 1.7622    751
 1.7647    773
 1.7672    751
 1.7697    718
 1.7722    741
 1.7747    736
 1.7772    773
 1.7797    756
 1.7822    699
 1.7847    728
 1.7872    749
 1.7897    767
 1.7922    727
 1.7947    690
 1.7972    714
 1.7997    692
 1.8022    717
 1.8047    670
 1.8072    682
 1.8097    701
 1.8122    685
 1.8147    674
 1.8172    635
 1.8197    686
 1.8222    680
 1.8248    690
 1.8273    643
 1.8298    656
 1.8323    675
 1.8348    633
 1.8373    649
 1.8398    654
 1.8423    697
 1.8448    661
 1.8473    674
 1.8498    660
 1.8523    642
 1.8548    635
 1.8573    626
 1.8598    645
 1.8623    620
 1.8648    630
 1.8673    685
 1.8698    655
 1.8723    641
 1.8748    632
 1.8773    625
 1.8798    610
 1.8823    609
 1.8848    603
 1.8873    629
 1.8898    594
 1.8923    638
 1.8948    660
 1.8973    660
 1.8998    617
 1.9023    562
 1.9048    633
 1.9073    621
 1.9098    612
 1.9123    609
 1.9148    605
 1.9173    620
 1.9198    609
 1.9223    566
 1.9248    594
 1.9273    597
 1.9298    623
 1.9323    629
 1.9348    550
 1.9373    599
 1.9398    589
 1.9423    629
 1.9448    627
 1.9473    583
 1.9498    631
 1.9523    624
 1.9548    561
 1.9573    589
 1.9598    642
 1.9623    608
 1.9648    614
 1.9673    598
 1.9698    577
 1.9723    566
 1.9748    569
 1.9773    626
 1.9798    585
 1.9823    630
 1.9848    610
 1.9873    596
 1.9898    601
 1.9923    611
 1.9948    642
 1.9973    620
 1.9998    656
 2.0023    589
 2.0048    615
 2.0073    581
 2.0098    623
 2.0123    598
 2.0148    634
 2.0173    584
 2.0198    616
 2.0223    605
 2.0248    616
 2.0273    649
 2.0298    602
 2.0324    588
 2.0349    579
 2.0374    619
 2.0399    571
 2.0424    605
 2.0449    618
 2.0474    649
 2.0499    636
 2.0524    613
 2.0549    603
 2.0574    602
 2.0599    584
 2.0624    608
 2.0649    632
 2.0674    630
 2.0699    604
 2.0724    633
 2.0749    612
 2.0774    611
 2.0799    604
 2.0824    572
 2.0849    569
 2.0874    630
 2.0899    642
 2.0924    607
 2.0949    649
 2.0974    618
 2.0999    611
 2.1024    616
 2.1049    609
 2.1074    614
 2.1099    584
 2.1124    611
 2.1149    624
 2.1174    634
 2.1199    635
 2.1224    619
 2.1249    613
 2.1274    637
 2.1299    571
 2.1324    581
 2.1349    595
 2.1374    565
 2.1399    597
 2.1424    595
 2.1449    646
 2.1474    639
 2.1499    633
 2.1524    659
 2.1549    643
 2.1574    582
 2.1599    602
 2.1624    575
 2.1649    572
 2.1674    607
 2.1699    583
 2.1724    590
 2.1749    579
 2.1774    577
 2.1799    575
 2.1824    551
 2.1849    576
 2.1874    614
 2.1899    594
 2.1924    593
 2.1949    551
 2.1974    555
 2.1999    528
 2.2024    548
 2.2049    570
 2.2074    551
 2.2099    599
 2.2124    569
 2.2149    563
 2.2174    579
 2.2199    593
 2.2224    563
 2.2249    581
 2.2274    595
 2.2299    554
 2.2324    548
 2.2349    549
 2.2374    540
 2.2399    545
 2.2425    549
  2.245    537
 2.2475    532
   2.25    553
 2.2525    552
  2.255    527
 2.2575    533
   2.26    557
 2.2625    545
  2.265    550
 2.2675    544
   2.27    529
 2.2725    535
  2.275    548
 2.2775    513
   2.28    516
 2.2825    536
  2.285    510
 2.2875    509
   2.29    511
 2.2925    494
  2.295    526
 2.2975    519
    2.3    505
 2.3025    524
  2.305    530
 2.3075    527
   2.31    546
 2.3125    540
  2.315    508
 2.3175    501
   2.32    507
 2.3225    527
  2.325    530
 2.3275    542
   2.33    549
 2.3325    524
  2.335    501
 2.3375    516
   2.34    542
 2.3425    522
  2.345    514
 2.3475    506
   2.35    503
 2.3525    518
  2.355    513
 2.3575    512
   2.36    525
 2.3625    530
  2.365    518
 2.3675    510
   2.37    488
 2.3725    496
  2.375    514
 2.3775    510
   2.38    497
 2.3825    475
  2.385    487
 2.3875    493
   2.39    497
 2.3925    514
  2.395    518
 2.3975    537
    2.4    521
 2.4025    499
  2.405    478
 2.4075    495
   2.41    517
 2.4125    502
  2.415    486
 2.4175    462
   2.42    484
 2.4225    495
  2.425    480
 2.4275    488
   2.43    489
 2.4325    501
  2.435    507
 2.4375    470
   2.44    485
 2.4425    509
  2.445    488
 2.4475    492
 2.4501    526
 2.4526    512
 2.4551    471
 2.4576    472
 2.4601    494
 2.4626    458
 2.4651    434
 2.4676    478
 2.4701    487
 2.4726    474
 2.4751    455
 2.4776    448
 2.4801    472
 2.4826    469
 2.4851    478
 2.4876    491
 2.4901    471
 2.4926    462
 2.4951    487
 2.4976    458
 2.5001    471
 2.5026    483
 2.5051    468
 2.5076    479
 2.5101    511
 2.5126    507
 2.5151    490
 2.5176    464
 2.5201    460
 2.5226    474
 2.5251    464
 2.5276    446
 2.5301    448
 2.5326    464
 2.5351    460
 2.5376    455
 2.5401    461
 2.5426    471
 2.5451    482
 2.5476    499
 2.5501    495
 2.5526    471
 2.5551    461
 2.5576    464
 2.5601    465
 2.5626    462
 2.5651    448
 2.5676    448
 2.5701    489
 2.5726    474
 2.5751    468
 2.5776    432
 2.5801    440
 2.5826    458
 2.5851    456
 2.5876    437
 2.5901    473
 2.5926    479
 2.5951    440
 2.5976    474
 2.6001    439
 2.6026    486
 2.6051    488
 2.6076    473
 2.6101    451
 2.6126    474
 2.6151    457
 2.6176    448
 2.6201    435
 2.6226    464
 2.6251    469
 2.6276    484
 2.6301    473
 2.6326    456
 2.6351    455
 2.6376    445
 2.6401    448
 2.6426    434
 2.6451    460
 2.6476    476
 2.6501    447
 2.6526    474
 2.6551    467
 2.6577    424
 2.6602    470
 2.6627    449
 2.6652    457
 2.6677    436
 2.6702    445
 2.6727    430
 2.6752    449
 2.6777    448
 2.6802    473
 2.6827    440
 2.6852    403
 2.6877    412
 2.6902    446
 2.6927    426
 2.6952    470
 2.6977    426
 2.7002    439
 2.7027    413
 2.7052    432
 2.7077    428
 2.7102    423
 2.7127    432
 2.7152    424
 2.7177    439
 2.7202    420
 2.7227    445
 2.7252    416
 2.7277    451
 2.7302    412
 2.7327    415
 2.7352    372
 2.7377    408
 2.7402    423
 2.7427    414
 2.7452    409
 2.7477    391
 2.7502    410
 2.7527    443
 2.7552    414
 2.7577    420
 2.7602    423
 2.7627    424
 2.7652    450
 2.7677    420
 2.7702    418
 2.7727    413
 2.7752    447
 2.7777    424
 2.7802    407
 2.7827    408
 2.7852    457
 2.7877    426
 2.7902    448
 2.7927    460
 2.7952    415
 2.7977    405
 2.8002    396
 2.8027    423
 2.8052    392
 2.8077    384
 2.8102    410
 2.8127    414
 2.8152    424
 2.8177    439
 2.8202    401
 2.8227    426
 2.8252    380
 2.8277    411
 2.8302    389
 2.8327    431
 2.8352    407
 2.8377    364
 2.8402    431
 2.8427    405
 2.8452    403
 2.8477    396
 2.8502    424
 2.8527    410
 2.8552    376
 2.8577    413
 2.8602    388
 2.8627    410
 2.8652    419
 2.8678    409
 2.8703    395
 2.8728    414
 2.8753    418
 2.8778    402
 2.8803    410
 2.8828    378
 2.8853    388
 2.8878    428
 2.8903    407
 2.8928    402
 2.8953    399
 2.8978    423
 2.9003    416
 2.9028    405
 2.9053    444
 2.9078    404
 2.9103    408
 2.9128    378
 2.9153    393
 2.9178    388
 2.9203    395
 2.9228    405
 2.9253    395
 2.9278    367
 2.9303    379
 2.9328    407
 2.9353    406
 2.9378    371
 2.9403    386
 2.9428    394
 2.9453    389
 2.9478    402
 2.9503    405
 2.9528    382
 2.9553    395
 2.9578    423
 2.9603    384
 2.9628    387
 2.9653    429
 2.9678    418
 2.9703    390
 2.9728    376
 2.9753    377
 2.9778    387
 2.9803    391
 2.9828    412
 2.9853    385
 2.9878    377
 2.9903    406
 2.9928    399
 2.9953    412
 2.9978    376
 3.0003    369
 3.0028    371
 3.0053    393
 3.0078    378
 3.0103    363
 3.0128    356
 3.0153    361
 3.0178    367
 3.0203    383
 3.0228    393
 3.0253    361
 3.0278    365
 3.0303    384
 3.0328    365
 3.0353    379
 3.0378    353
 3.0403    353
 3.0428    355
 3.0453    379
 3.0478    354
 3.0503    354
 3.0528    366
 3.0553    383
 3.0578    371
 3.0603    366
 3.0628    373
 3.0653    359
 3.0678    364
 3.0703    351
 3.0728    351
 3.0754    368
 3.0779    340
 3.0804    345
 3.0829    351
 3.0854    378
 3.0879    375
 3.0904    349
 3.0929    360
 3.0954    354
 3.0979    365
 3.1004    360
 3.1029    351
 3.1054    362
 3.1079    352
 3.1104    351
 3.1129    367
 3.1154    379
 3.1179    383
 3.1204    343
 3.1229    349
 3.1254    362
 3.1279    357
 3.1304    358
 3.1329    368
 3.1354    364
 3.1379    369
 3.1404    362
 3.1429    343
 3.1454    347
 3.1479    359
 3.1504    350
 3.1529    336
 3.1554    349
 3.1579    350
 3.1604    332
 3.1629    346
 3.1654    359
 3.1679    346
 3.1704    340
 3.1729    350
 3.1754    358
 3.1779    354
 3.1804    339
 3.1829    353
 3.1854    365
 3.1879    357
 3.1904    346
 3.1929    326
 3.1954    331
 3.1979    359
 3.2004    361
 3.2029    358
 3.2054    369
 3.2079    340
 3.2104    318
 3.2129    326
 3.2154    346
 3.2179    343
 3.2204    325
 3.2229    335
 3.2254    334
 3.2279    348
 3.2304    369
 3.2329    346
 3.2354    349
 3.2379    349
 3.2404    334
 3.2429    332
 3.2454    340
 3.2479    323
 3.2504    313
 3.2529    337
 3.2554    329
 3.2579    322
 3.2604    351
 3.2629    351
 3.2654    353
 3.2679    344
 3.2704    341
 3.2729    347
 3.2754    306
 3.2779    318
 3.2804    344
  3.283    337
 3.2855    339
  3.288    346
 3.2905    331
  3.293    323
 3.2955    322
  3.298    345
 3.3005    325
  3.303    335
 3.3055    325
  3.308    311
 3.3105    313
  3.313    334
 3.3155    330
  3.318    331
 3.3205    324
  3.323    302
 3.3255    314
  3.328    305
 3.3305    307
  3.333    326
 3.3355    327
  3.338    319
 3.3405    328
  3.343    344
 3.3455    346
  3.348    323
 3.3505    303
  3.353    314
 3.3555    324
  3.358    325
 3.3605    334
  3.363    324
 3.3655    316
  3.368    333
 3.3705    329
  3.373    333
 3.3755    327
  3.378    311
 3.3805    286
  3.383    295
 3.3855    313
  3.388    302
 3.3905    300
  3.393    292
 3.3955    289
  3.398    302
 3.4005    313
  3.403    333
 3.4055    333
  3.408    312
 3.4105    310
  3.413    323
 3.4155    321
  3.418    313
 3.4205    317
  3.423    314
 3.4255    300
  3.428    305
 3.4305    307
  3.433    307
 3.4355    337
  3.438    334
 3.4405    312
  3.443    317
 3.4455    313
  3.448    306
 3.4505    313
  3.453    297
 3.4555    281
  3.458    301
 3.4605    310
  3.463    300
 3.4655    299
  3.468    302
 3.4705    300
  3.473    292
 3.4755    296
  3.478    303
 3.4805    290
  3.483    298
 3.4855    273
  3.488    269
 3.4905    309
 3.4931    315
 3.4956    303
 3.4981    282
 3.5006    284
 3.5031    282
 3.5056    281
 3.5081    295
 3.5106    299
 3.5131    276
 3.5156    293
 3.5181    275
 3.5206    276
 3.5231    287
 3.5256    276
 3.5281    274
 3.5306    299
 3.5331    288
 3.5356    275
 3.5381    284
 3.5406    293
 3.5431    299
 3.5456    299
 3.5481    283
 3.5506    285
 3.5531    294
 3.5556    319
 3.5581    317
 3.5606    295
 3.5631    303
 3.5656    315
 3.5681    291
 3.5706    286
 3.5731    300
 3.5756    283
 3.5781    279
 3.5806    278
 3.5831    283
 3.5856    286
 3.5881    283
 3.5906    271
 3.5931    263
 3.5956    283
 3.5981    268
 3.6006    265
 3.6031    291
 3.6056    284
 3.6081    279
 3.6106    273
 3.6131    269
 3.6156    294
 3.6181    274
 3.6206    256
 3.6231    247
 3.6256    286
 3.6281    279
 3.6306    296
 3.6331    285
 3.6356    289
 3.6381    288
 3.6406    302
 3.6431    280
 3.6456    263
 3.6481    285
 3.6506    295
 3.6531    289
 3.6556    285
 3.6581    299
 3.6606    274
 3.6631    276
 3.6656    281
 3.6681    280
 3.6706    261
 3.6731    312
 3.6756    280
 3.6781    246
 3.6806    291
 3.6831    281
 3.6856    292
 3.6881    253
 3.6906    261
 3.6931    293
 3.6956    273
 3.6981    282
 3.7007    289
 3.7032    267
 3.7057    251
 3.7082    288
 3.7107    284
 3.7132    265
 3.7157    275
 3.7182    266
 3.7207    258
 3.7232    257
 3.7257    279
 3.7282    284
 3.7307    267
 3.7332    262
 3.7357    271
 3.7382    278
 3.7407    267
 3.7432    281
 3.7457    270
 3.7482    274
 3.7507    263
 3.7532    280
 3.7557    267
 3.7582    278
 3.7607    246
 3.7632    260
 3.7657    286
 3.7682    274
 3.7707    273
 3.7732    270
 3.7757    259
 3.7782    260
 3.7807    270
 3.7832    281
 3.7857    277
 3.7882    275
 3.7907    224
 3.7932    273
 3.7957    268
 3.7982    278
 3.8007    267
 3.8032    262
 3.8057    251
 3.8082    252
 3.8107    231
 3.8132    254
 3.8157    291
 3.8182    252
 3.8207    259
 3.8232    256
 3.8257    254
 3.8282    248
 3.8307    264
 3.8332    265
 3.8357    235
 3.8382    226
 3.8407    248
 3.8432    237
 3.8457    222
 3.8482    249
 3.8507    253
 3.8532    249
 3.8557    279
 3.8582    235
 3.8607    259
 3.8632    248
 3.8657    256
 3.8682    277
 3.8707    222
 3.8732    267
 3.8757    246
 3.8782    240
 3.8807    224
 3.8832    250
 3.8857    258
 3.8882    231
 3.8907    251
 3.8932    229
 3.8957    253
 3.8982    229
 3.9007    260
 3.9032    255
 3.9057    248
 3.9083    249
 3.9108    250
 3.9133    237
 3.9158    273
 3.9183    266
 3.9208    250
 3.9233    257
 3.9258    238
 3.9283    266
 3.9308    270
 3.9333    264
 3.9358    254
 3.9383    259
 3.9408    236
 3.9433    237
 3.9458    253
 3.9483    237
 3.9508    258
 3.9533    258
 3.9558    256
 3.9583    262
 3.9608    261
 3.9633    224
 3.9658    230
 3.9683    271
 3.9708    266
 3.9733    245
 3.9758    217
 3.9783    249
 3.9808    235
 3.9833    246
 3.9858    239
 3.9883    249
 3.9908    247
 3.9933    251
 3.9958    240
 3.9983    243
 4.0008    251
 4.0033    227
 4.0058    262
 4.0083    231
 4.0108    238
 4.0133    229
 4.0158    233
 4.0183    230
 4.0208    237
 4.0233    266
 4.0258    222
 4.0283    225
 4.0308    250
 4.0333    223
 4.0358    239
 4.0383    263
 4.0408    245
 4.0433    219
 4.0458    267
 4.0483    266
 4.0508    240
 4.0533    240
 4.0558    229
 4.0583    281
 4.0608    246
 4.0633    249
 4.0658    257
 4.0683    264
 4.0708    245
 4.0733    233
 4.0758    257
 4.0783    272
 4.0808    255
 4.0833    255
 4.0858    268
 4.0883    268
 4.0908    246
 4.0933    251
 4.0958    250
 4.0983    267
 4.1008    273
 4.1033    270
 4.1058    278
 4.1083    277
 4.1108    248
 4.1133    253
 4.1158    238
 4.1184    232
 4.1209    257
 4.1234    242
 4.1259    269
 4.1284    255
 4.1309    245
 4.1334    236
 4.1359    246
 4.1384    254
 4.1409    248
 4.1434    258
 4.1459    268
 4.1484    233
 4.1509    243
 4.1534    266
 4.1559    250
 4.1584    237
 4.1609    245
 4.1634    232
 4.1659    240
 4.1684    269
 4.1709    268
 4.1734    245
 4.1759    228
 4.1784    230
 4.1809    213
 4.1834    212
 4.1859    234
 4.1884    247
 4.1909    227
 4.1934    214
 4.1959    250
 4.1984    231
 4.2009    217
 4.2034    226
 4.2059    218
 4.2084    225
 4.2109    216
 4.2134    209
 4.2159    215
 4.2184    224
 4.2209    242
 4.2234    236
 4.2259    227
 4.2284    216
 4.2309    200
 4.2334    209
 4.2359    218
 4.2384    224
 4.2409    209
 4.2434    195
 4.2459    203
 4.2484    224
 4.2509    233
 4.2534    222
 4.2559    209
 4.2584    227
 4.2609    223
 4.2634    225
 4.2659    237
 4.2684    232
 4.2709    228
 4.2734    225
 4.2759    218
 4.2784    216
 4.2809    211
 4.2834    195
 4.2859    190
 4.2884    206
 4.2909    219
 4.2934    218
 4.2959    209
 4.2984    217
 4.3009    219
 4.3034    213
 4.3059    212
 4.3084    210
 4.3109    219
 4.3134    225
 4.3159    207
 4.3184    214
 4.3209    219
 4.3234    214
  4.326    223
 4.3285    232
  4.331    225
 4.3335    209
  4.336    201
 4.3385    200
  4.341    207
 4.3435    209
  4.346    204
 4.3485    220
  4.351    223
 4.3535    221
  4.356    234
 4.3585    228
  4.361    216
 4.3635    235
  4.366    245
 4.3685    228
  4.371    228
 4.3735    236
  4.376    243
 4.3785    262
  4.381    258
 4.3835    262
  4.386    280
 4.3885    276
  4.391    272
 4.3935    296
  4.396    312
 4.3985    314
  4.401    359
 4.4035    379
  4.406    369
 4.4085    384
  4.411    404
 4.4135    419
  4.416    441
 4.4185    494
  4.421    513
 4.4235    516
  4.426    575
 4.4285    616
  4.431    639
 4.4335    685
  4.436    738
 4.4385    795
  4.441    821
 4.4435    843
  4.446    859
 4.4485    913
  4.451   1007
 4.4535   1038
  4.456   1086
 4.4585   1148
  4.461   1181
 4.4635   1259
  4.466   1282
 4.4685   1305
  4.471   1383
 4.4735   1416
  4.476   1502
 4.4785   1573
  4.481   1630
 4.4835   1687
  4.486   1700
 4.4885   1648
  4.491   1651
 4.4935   1690
  4.496   1717
 4.4985   1688
  4.501   1693
 4.5035   1763
  4.506   1771
 4.5085   1755
  4.511   1737
 4.5135   1759
  4.516   1754
 4.5185   1730
  4.521   1714
 4.5235   1702
  4.526   1690
 4.5285   1647
  4.531   1626
 4.5336   1591
 4.5361   1524
 4.5386   1501
 4.5411   1482
 4.5436   1444
 4.5461   1385
 4.5486   1357
 4.5511   1311
 4.5536   1230
 4.5561   1238
 4.5586   1229
 4.5611   1143
 4.5636   1119
 4.5661   1117
 4.5686   1061
 4.5711   1055
 4.5736   1056
 4.5761   1018
 4.5786   1011
 4.5811    961
 4.5836    928
 4.5861    944
 4.5886    909
 4.5911    918
 4.5936    968
 4.5961    876
 4.5986    874
 4.6011    913
 4.6036    941
 4.6061    927
 4.6086    891
 4.6111    927
 4.6136    938
 4.6161    927
 4.6186    952
 4.6211    927
 4.6236    919
 4.6261    940
 4.6286    963
 4.6311    970
 4.6336    989
 4.6361    965
 4.6386    996
 4.6411   1038
 4.6436    969
 4.6461    965
 4.6486    979
 4.6511    940
 4.6536    972
 4.6561    978
 4.6586    924
 4.6611    915
 4.6636    942
 4.6661    927
 4.6686    881
 4.6711    892
 4.6736    874
 4.6761    872
 4.6786    848
 4.6811    808
 4.6836    796
 4.6861    783
 4.6886    742
 4.6911    723
 4.6936    719
 4.6961    661
 4.6986    625
 4.7011    615
 4.7036    578
 4.7061    553
 4.7086    535
 4.7111    548
 4.7136    508
 4.7161    472
 4.7186    461
 4.7211    437
 4.7236    426
 4.7261    417
 4.7286    416
 4.7311    378
 4.7336    371
 4.7361    345
 4.7386    329
 4.7411    343
 4.7437    313
 4.7462    283
 4.7487    298
 4.7512    258
 4.7537    242
 4.7562    263
 4.7587    247
 4.7612    241
 4.7637    246
 4.7662    249
 4.7687    247
 4.7712    229
 4.7737    217
 4.7762    245
 4.7787    213
 4.7812    250
 4.7837    217
 4.7862    218
 4.7887    223
 4.7912    175
 4.7937    194
 4.7962    211
 4.7987    203
 4.8012    213
 4.8037    217
 4.8062    208
 4.8087    203
 4.8112    213
 4.8137    203
 4.8162    214
 4.8187    206
 4.8212    218
 4.8237    200
 4.8262    223
 4.8287    229
 4.8312    193
 4.8337    221
 4.8362    210
 4.8387    237
 4.8412    217
 4.8437    223
 4.8462    219
 4.8487    243
 4.8512    224
 4.8537    252
 4.8562    255
 4.8587    261
 4.8612    299
 4.8637    260
 4.8662    273
 4.8687    287
 4.8712    278
 4.8737    286
 4.8762    313
 4.8787    291
 4.8812    302
 4.8837    333
 4.8862    311
 4.8887    296
 4.8912    344
 4.8937    336
 4.8962    315
 4.8987    345
 4.9012    345
 4.9037    353
 4.9062    378
 4.9087    374
 4.9112    359
 4.9137    355
 4.9162    386
 4.9187    360
 4.9212    389
 4.9237    409
 4.9262    412
 4.9287    384
 4.9312    413
 4.9337    419
 4.9362    408
 4.9387    446
 4.9412    403
 4.9437    384
 4.9462    378
 4.9487    397
 4.9513    363
 4.9538    402
 4.9563    430
 4.9588    406
 4.9613    393
 4.9638    377
 4.9663    465
 4.9688    407
 4.9713    405
 4.9738    435
 4.9763    402
 4.9788    394
 4.9813    381
 4.9838    398
 4.9863    448
 4.9888    411
 4.9913    439
 4.9938    437
 4.9963    407
 4.9988    451
 5.0013    493
 5.0038    457
 5.0063    437
 5.0088    431
 5.0113    496
 5.0138    473
 5.0163    426
 5.0188    440
 5.0213    508
 5.0238    491
 5.0263    476
 5.0288    499
 5.0313    461
 5.0338    447
 5.0363    450
 5.0388    472
 5.0413    479
 5.0438    468
 5.0463    451
 5.0488    443
 5.0513    473
 5.0538    466
 5.0563    442
 5.0588    406
 5.0613    399
 5.0638    422
 5.0663    425
 5.0688    442
 5.0713    406
 5.0738    402
 5.0763    414
 5.0788    419
 5.0813    398
 5.0838    393
 5.0863    377
 5.0888    353
 5.0913    325
 5.0938    356
 5.0963    355
 5.0988    349
 5.1013    345
 5.1038    344
 5.1063    311
 5.1088    298
 5.1113    298
 5.1138    276
 5.1163    292
 5.1188    285
 5.1213    281
 5.1238    274
 5.1263    272
 5.1288    248
 5.1313    240
 5.1338    253
 5.1363    267
 5.1388    262
 5.1413    244
 5.1438    240
 5.1463    228
 5.1488    226
 5.1513    214
 5.1538    224
 5.1563    207
 5.1589    205
 5.1614    202
 5.1639    189
 5.1664    196
 5.1689    198
 5.1714    206
 5.1739    194
 5.1764    185
 5.1789    176
 5.1814    183
 5.1839    189
 5.1864    194
 5.1889    197
 5.1914    209
 5.1939    184
 5.1964    176
 5.1989    176
 5.2014    170
 5.2039    177
 5.2064    185
 5.2089    199
 5.2114    179
 5.2139    167
 5.2164    152
 5.2189    152
 5.2214    159
 5.2239    176
 5.2264    173
 5.2289    165
 5.2314    147
 5.2339    146
 5.2364    161
 5.2389    159
 5.2414    153
 5.2439    151
 5.2464    134
 5.2489    147
 5.2514    162
 5.2539    162
 5.2564    158
 5.2589    169
 5.2614    157
 5.2639    141
 5.2664    153
 5.2689    155
 5.2714    150
 5.2739    156
 5.2764    158
 5.2789    158
 5.2814    149
 5.2839    145
 5.2864    158
 5.2889    151
 5.2914    162
 5.2939    178
 5.2964    166
 5.2989    161
 5.3014    177
 5.3039    195
 5.3064    185
 5.3089    183
 5.3114    193
 5.3139    182
 5.3164    185
 5.3189    187
 5.3214    200
 5.3239    195
 5.3264    194
 5.3289    208
 5.3314    206
 5.3339    217
 5.3364    211
 5.3389    205
 5.3414    215
 5.3439    208
 5.3464    214
 5.3489    234
 5.3514    240
 5.3539    237
 5.3564    232
 5.3589    243
 5.3614    245
 5.3639    236
 5.3664    237
  5.369    244
 5.3715    245
  5.374    258
 5.3765    262
  5.379    245
 5.3815    248
  5.384    266
 5.3865    258
  5.389    254
 5.3915    254
  5.394    249
 5.3965    244
  5.399    247
 5.4015    261
  5.404    260
 5.4065    253
  5.409    230
 5.4115    219
  5.414    217
 5.4165    209
  5.419    223
 5.4215    233
  5.424    223
 5.4265    210
  5.429    207
 5.4315    222
  5.434    237
 5.4365    223
  5.439    199
 5.4415    187
  5.444    180
 5.4465    177
  5.449    162
 5.4515    162
  5.454    162
 5.4565    185
  5.459    207
 5.4615    177
  5.464    158
 5.4665    150
  5.469    135
 5.4715    131
  5.474    145
 5.4765    145
  5.479    139
 5.4815    141
  5.484    146
 5.4865    148
  5.489    139
 5.4915    131
  5.494    131
 5.4965    131
  5.499    131
 5.5015    134
  5.504    131
 5.5065    127
  5.509    136
 5.5115    126
  5.514    127
 5.5165    127
  5.519    118
 5.5215    118
  5.524    124
 5.5265    125
  5.529    127
 5.5315    128
  5.534    132
 5.5365    119
  5.539    119
 5.5415    123
  5.544    114
 5.5465    107
  5.549    118
 5.5515    116
  5.554    101
 5.5565    117
  5.559    131
 5.5615    127
  5.564    116
 5.5665    131
  5.569    117
 5.5715    128
  5.574    125
 5.5766    105
 5.5791    111
 5.5816    117
 5.5841    125
 5.5866    137
 5.5891    118
 5.5916    113
 5.5941    119
 5.5966    121
 5.5991    121
 5.6016    118
 5.6041    126
 5.6066    125
 5.6091    131
 5.6116    127
 5.6141    113
 5.6166    108
 5.6191    112
 5.6216    126
 5.6241    110
 5.6266    112
 5.6291    124
 5.6316    110
 5.6341    118
 5.6366    115
 5.6391    126
 5.6416    120
 5.6441    126
 5.6466    128
 5.6491    129
 5.6516    116
 5.6541    107
 5.6566    102
 5.6591    105
 5.6616    103
 5.6641    116
 5.6666    121
 5.6691    119
 5.6716    119
 5.6741    125
 5.6766    117
 5.6791    104
 5.6816    103
 5.6841    109
 5.6866    115
 5.6891    126
 5.6916    117
 5.6941    130
 5.6966    119
 5.6991    145
 5.7016    108
 5.7041    115
 5.7066    106
 5.7091    128
 5.7116    139
 5.7141    134
 5.7166    127
 5.7191    133
 5.7216    131
 5.7241    130
 5.7266    149
 5.7291    130
 5.7316    123
 5.7341    112
 5.7366    124
 5.7391    147
 5.7416    146
 5.7441    131
 5.7466    131
 5.7491    157
 5.7516    147
 5.7541    146
 5.7566    154
 5.7591    129
 5.7616    130
 5.7641    135
 5.7666    140
 5.7691    138
 5.7716    154
 5.7741    145
 5.7766    149
 5.7791    132
 5.7816    156
 5.7842    135
 5.7867    143
 5.7892    177
 5.7917    143
 5.7942    129
 5.7967    139
 5.7992    132
 5.8017    140
 5.8042    138
 5.8067    157
 5.8092    126
 5.8117    146
 5.8142    156
 5.8167    130
 5.8192    148
 5.8217    151
 5.8242    136
 5.8267    143
 5.8292    144
 5.8317    125
 5.8342    142
 5.8367    121
 5.8392    123
 5.8417    121
 5.8442    137
 5.8467    122
 5.8492    125
 5.8517    114
 5.8542    108
 5.8567    122
 5.8592    148
 5.8617    127
 5.8642    107
 5.8667    128
 5.8692    115
 5.8717    124
 5.8742    110
 5.8767    107
 5.8792     99
 5.8817    110
 5.8842    106
 5.8867    110
 5.8892    103
 5.8917     99
 5.8942     94
 5.8967    119
 5.8992    113
 5.9017     99
 5.9042    112
 5.9067    126
 5.9092    108
 5.9117    116
 5.9142    115
 5.9167     92
 5.9192    108
 5.9217    102
 5.9242     88
 5.9267    102
 5.9292    109
 5.9317    104
 5.9342     91
 5.9367     99
 5.9392    108
 5.9417     88
 5.9442     89
 5.9467    122
 5.9492     87
 5.9517    112
 5.9542    140
 5.9567    111
 5.9592     94
 5.9617     94
 5.9642    103
 5.9667    115
 5.9692    109
 5.9717    103
 5.9742    108
 5.9767     95
 5.9792    110
 5.9817    120
 5.9842     98
 5.9867     99
 5.9892     84
 5.9917     98
 5.9943    106
 5.9968    108
 5.9993    109
 6.0018     91
 6.0043    127
 6.0068     98
 6.0093    111
 6.0118     93
 6.0143    108
 6.0168    111
 6.0193     94
 6.0218    103
 6.0243    102
 6.0268    107
 6.0293    115
 6.0318    102
 6.0343    117
 6.0368    103
 6.0393    100
 6.0418    115
 6.0443    102
 6.0468    103
 6.0493     96
 6.0518    116
 6.0543    114
 6.0568     93
 6.0593    118
 6.0618     99
 6.0643    132
 6.0668    103
 6.0693    111
 6.0718    116
 6.0743     85
 6.0768     99
 6.0793    106
 6.0818    103
 6.0843    105
 6.0868    112
 6.0893    109
 6.0918    103
 6.0943     94
 6.0968    101
 6.0993    104
 6.1018     99
 6.1043     93
 6.1068    106
 6.1093    103
 6.1118     93
 6.1143    103
 6.1168    104
 6.1193    101
 6.1218    102
 6.1243     90
 6.1268     82
 6.1293     94
 6.1318    102
 6.1343     93
 6.1368     90
 6.1393    108
 6.1418     81
 6.1443     90
 6.1468    111
 6.1493    102
 6.1518     94
 6.1543     81
 6.1568     79
 6.1593     96
 6.1618     86
 6.1643     94
 6.1668     80
 6.1693    105
 6.1718     79
 6.1743     73
 6.1768     77
 6.1793     91
 6.1818     93
 6.1843     96
 6.1868     86
 6.1893     85
 6.1918     80
 6.1943    106
 6.1968     88
 6.1993     89
 6.2019     90
 6.2044     83
 6.2069    105
 6.2094     87
 6.2119    106
 6.2144     82
 6.2169     92
 6.2194     87
 6.2219     99
 6.2244     85
 6.2269     93
 6.2294     80
 6.2319    100
 6.2344     88
 6.2369     98
 6.2394     80
 6.2419     97
 6.2444     68
 6.2469     88
 6.2494     75
 6.2519     97
 6.2544     79
 6.2569     89
 6.2594     80
 6.2619     82
 6.2644     84
 6.2669     87
 6.2694     80
 6.2719     99
 6.2744     85
 6.2769     86
 6.2794     86
 6.2819     93
 6.2844     75
 6.2869     96
 6.2894     83
 6.2919     92
 6.2944     97
 6.2969     96
 6.2994    101
 6.3019     92
 6.3044     81
 6.3069     95
 6.3094     91
 6.3119     80
 6.3144     88
 6.3169     84
 6.3194     86
 6.3219     86
 6.3244     80
 6.3269     84
 6.3294     79
 6.3319     76
 6.3344     94
 6.3369     95
 6.3394     99
 6.3419     87
 6.3444     84
 6.3469     83
 6.3494     65
 6.3519     81
 6.3544    100
 6.3569     93
 6.3594     91
 6.3619     95
 6.3644     79
 6.3669     95
 6.3694     84
 6.3719     83
 6.3744     95
 6.3769    104
 6.3794     71
 6.3819     85
 6.3844     93
 6.3869     65
 6.3894     89
 6.3919     81
 6.3944     76
 6.3969    101
 6.3994     88
 6.4019     93
 6.4044     78
 6.4069     75
 6.4095     82
  6.412     89
 6.4145     74
  6.417     75
 6.4195     78
  6.422     70
 6.4245     74
  6.427     80
 6.4295     68
  6.432     92
 6.4345     98
  6.437     94
 6.4395     70
  6.442     80
 6.4445     83
  6.447     95
 6.4495     69
  6.452    103
 6.4545     62
  6.457     70
 6.4595     76
  6.462     69
 6.4645     71
  6.467     93
 6.4695     79
  6.472     85
 6.4745     77
  6.477     73
 6.4795     65
  6.482     83
 6.4845     67
  6.487     67
 6.4895     82
  6.492     88
 6.4945     75
  6.497     81
 6.4995     72
  6.502     71
 6.5045     86
  6.507     62
 6.5095     92
  6.512     78
 6.5145     72
  6.517     61
 6.5195     74
  6.522     81
 6.5245     80
  6.527     77
 6.5295     61
  6.532     74
 6.5345     69
  6.537     72
 6.5395     65
  6.542     75
 6.5445     75
  6.547     89
 6.5495     72
  6.552     75
 6.5545     77
  6.557     78
 6.5595     69
  6.562     70
 6.5645     73
  6.567     92
 6.5695     72
  6.572     86
 6.5745     88
  6.577     80
 6.5795     63
  6.582    102
 6.5845     80
  6.587     61
 6.5895     69
  6.592     71
 6.5945     72
  6.597     69
 6.5995     81
  6.602     61
 6.6045     63
  6.607     64
 6.6095     64
  6.612     84
 6.6145     76
  6.617     55
 6.6196     68
 6.6221     61
 6.6246     73
 6.6271     70
 6.6296     68
 6.6321     63
 6.6346     60
 6.6371     71
 6.6396     66
 6.6421     63
 6.6446     74
 6.6471     70
 6.6496     78
 6.6521     71
 6.6546     71
 6.6571     78
 6.6596     76
 6.6621     78
 6.6646     62
 6.6671     77
 6.6696     71
 6.6721     75
 6.6746     74
 6.6771     75
 6.6796     73
 6.6821     78
 6.6846     63
 6.6871     83
 6.6896     84
 6.6921     80
 6.6946     88
 6.6971     69
 6.6996     66
 6.7021     60
 6.7046     81
 6.7071     72
 6.7096     53
 6.7121     83
 6.7146     58
 6.7171     52
 6.7196     70
 6.7221     58
 6.7246     61
 6.7271     83
 6.7296     71
 6.7321     81
 6.7346     76
 6.7371     66
 6.7396     64
 6.7421     69
 6.7446     83
 6.7471     76
 6.7496     90
 6.7521     75
 6.7546     77
 6.7571     72
 6.7596     64
 6.7621     77
 6.7646     69
 6.7671     76
 6.7696     61
 6.7721     67
 6.7746     70
 6.7771     67
 6.7796     82
 6.7821     83
 6.7846     64
 6.7871     55
 6.7896     76
 6.7921     69
 6.7946     82
 6.7971     62
 6.7996     56
 6.8021     69
 6.8046     64
 6.8071     56
 6.8096     72
 6.8121     60
 6.8146     82
 6.8171     74
 6.8196     64
 6.8221     67
 6.8246     77
 6.8272     55
 6.8297     71
 6.8322     65
 6.8347     73
 6.8372     71
 6.8397     77
 6.8422     75
 6.8447     63
 6.8472     54
 6.8497     58
 6.8522     71
 6.8547     70
 6.8572     67
 6.8597     72
 6.8622     71
 6.8647     61
 6.8672     69
 6.8697     57
 6.8722     68
 6.8747     62
 6.8772     74
 6.8797     64
 6.8822     52
 6.8847     72
 6.8872     67
 6.8897     75
 6.8922     60
 6.8947     59
 6.8972     65
 6.8997     58
 6.9022     69
 6.9047     73
 6.9072     74
 6.9097     75
 6.9122     53
 6.9147     63
 6.9172     74
 6.9197     66
 6.9222     59
 6.9247     61
 6.9272     65
 6.9297     62
 6.9322     59
 6.9347     68
 6.9372     61
 6.9397     59
 6.9422     59
 6.9447     49
 6.9472     59
 6.9497     54
 6.9522     54
 6.9547     71
 6.9572     51
 6.9597     67
 6.9622     60
 6.9647     56
 6.9672     63
 6.9697     68
 6.9722     55
 6.9747     63
 6.9772     63
 6.9797     72
 6.9822     60
 6.9847     63
 6.9872     49
 6.9897     62
 6.9922     55
 6.9947     65
 6.9972     62
 6.9997     52
 7.0022     61
 7.0047     65
 7.0072     67
 7.0097     59
 7.0122     65
 7.0147     55
 7.0172     71
 7.0197     64
 7.0222     52
 7.0247     62
 7.0272     53
 7.0297     59
 7.0322     53
 7.0348     62
 7.0373     63
 7.0398     59
 7.0423     49
 7.0448     70
 7.0473     53
 7.0498     57
 7.0523     61
 7.0548     60
 7.0573     68
 7.0598     64
 7.0623     56
 7.0648     65
 7.0673     67
 7.0698     60
 7.0723     73
 7.0748     61
 7.0773     62
 7.0798     51
 7.0823     70
 7.0848     49
 7.0873     71
 7.0898     52
 7.0923     70
 7.0948     53
 7.0973     52
 7.0998     57
 7.1023     59
 7.1048     65
 7.1073     61
 7.1098     53
 7.1123     62
 7.1148     61
 7.1173     52
 7.1198     62
 7.1223     61
 7.1248     55
 7.1273     49
 7.1298     54
 7.1323     64
 7.1348     59
 7.1373     55
 7.1398     48
 7.1423     42
 7.1448     66
 7.1473     50
 7.1498     57
 7.1523     53
 7.1548     59
 7.1573     54
 7.1598     58
 7.1623     46
 7.1648     66
 7.1673     60
 7.1698     46
 7.1723     50
 7.1748     56
 7.1773     42
 7.1798     56
 7.1823     47
 7.1848     60
 7.1873     55
 7.1898     63
 7.1923     54
 7.1948     67
 7.1973     46
 7.1998     59
 7.2023     60
 7.2048     65
 7.2073     65
 7.2098     48
 7.2123     65
 7.2148     54
 7.2173     42
 7.2198     61
 7.2223     57
 7.2248     36
 7.2273     55
 7.2298     49
 7.2323     56
 7.2348     63
 7.2373     58
 7.2398     45
 7.2423     53
 7.2449     50
 7.2474     42
 7.2499     45
 7.2524     54
 7.2549     57
 7.2574     58
 7.2599     51
 7.2624     51
 7.2649     54
 7.2674     66
 7.2699     61
 7.2724     46
 7.2749     57
 7.2774     58
 7.2799     51
 7.2824     56
 7.2849     44
 7.2874     57
 7.2899     42
 7.2924     51
 7.2949     55
 7.2974     50
 7.2999     45
 7.3024     53
 7.3049     38
 7.3074     39
 7.3099     64
 7.3124     61
 7.3149     36
 7.3174     56
 7.3199     55
 7.3224     55
 7.3249     55
 7.3274     37
 7.3299     39
 7.3324     53
 7.3349     60
 7.3374     56
 7.3399     48
 7.3424     45
 7.3449     46
 7.3474     47
 7.3499     61
 7.3524     53
 7.3549     49
 7.3574     54
 7.3599     38
 7.3624     55
 7.3649     54
 7.3674     52
 7.3699     53
 7.3724     56
 7.3749     34
 7.3774     41
 7.3799     39
 7.3824     46
 7.3849     52
 7.3874     38
 7.3899     57
 7.3924     58
 7.3949     44
 7.3974     54
 7.3999     46
 7.4024     48
 7.4049     56
 7.4074     35
 7.4099     46
 7.4124     57
 7.4149     58
 7.4174     44
 7.4199     47
 7.4224     45
 7.4249     48
 7.4274     44
 7.4299     44
 7.4324     47
 7.4349     50
 7.4374     48
 7.4399     42
 7.4424     46
 7.4449     42
 7.4474     45
 7.4499     52
 7.4525     42
  7.455     52
 7.4575     55
   7.46     36
 7.4625     50
  7.465     34
 7.4675     46
   7.47     51
 7.4725     48
  7.475     47
 7.4775     53
   7.48     47
 7.4825     53
  7.485     47
 7.4875     41
   7.49     40
 7.4925     43
  7.495     54
 7.4975     45
    7.5     41
 7.5025     29
  7.505     47
 7.5075     47
   7.51     49
 7.5125     40
  7.515     42
 7.5175     42
   7.52     39
 7.5225     37
  7.525     54
 7.5275     46
   7.53     54
 7.5325     59
  7.535     54
 7.5375     40
   7.54     39
 7.5425     61
  7.545     49
 7.5475     48
   7.55     43
 7.5525     58
  7.555     57
 7.5575     51
   7.56     42
 7.5625     47
  7.565     46
 7.5675     44
   7.57     51
 7.5725     44
  7.575     43
 7.5775     40
   7.58     52
 7.5825     37
  7.585     45
 7.5875     40
   7.59     52
 7.5925     37
  7.595     38
 7.5975     46
    7.6     35
 7.6025     46
  7.605     41
 7.6075     53
   7.61     55
 7.6125     44
  7.615     47
 7.6175     52
   7.62     33
 7.6225     38
  7.625     45
 7.6275     43
   7.63     40
 7.6325     35
  7.635     48
 7.6375     42
   7.64     43
 7.6425     47
  7.645     37
 7.6475     39
   7.65     46
 7.6525     43
  7.655     56
 7.6575     40
 7.6601     44
 7.6626     47
 7.6651     50
 7.6676     38
 7.6701     44
 7.6726     36
 7.6751     48
 7.6776     37
 7.6801     34
 7.6826     34
 7.6851     45
 7.6876     32
 7.6901     42
 7.6926     48
 7.6951     40
 7.6976     29
 7.7001     48
 7.7026     44
 7.7051     34
 7.7076     40
 7.7101     45
 7.7126     46
 7.7151     40
 7.7176     37
 7.7201     53
 7.7226     42
 7.7251     44
 7.7276     39
 7.7301     42
 7.7326     39
 7.7351     56
 7.7376     32
 7.7401     49
 7.7426     51
 7.7451     44
 7.7476     39
 7.7501     32
 7.7526     48
 7.7551     42
 7.7576     47
 7.7601     32
 7.7626     48
 7.7651     46
 7.7676     42
 7.7701     39
 7.7726     41
 7.7751     51
 7.7776     58
 7.7801     39
 7.7826     47
 7.7851     44
 7.7876     37
 7.7901     47
 7.7926     41
 7.7951     40
 7.7976     35
 7.8001     43
 7.8026     38
 7.8051     33
 7.8076     40
 7.8101     52
 7.8126     36
 7.8151     32
 7.8176     38
 7.8201     35
 7.8226     45
 7.8251     26
 7.8276     43
 7.8301     26
 7.8326     35
 7.8351     28
 7.8376     39
 7.8401     37
 7.8426     41
 7.8451     47
 7.8476     33
 7.8501     39
 7.8526     41
 7.8551     45
 7.8576     26
 7.8601     28
 7.8626     39
 7.8651     30
 7.8676     36
 7.8702     47
 7.8727     42
 7.8752     30
 7.8777     40
 7.8802     47
 7.8827     41
 7.8852     50
 7.8877     40
 7.8902     29
 7.8927     35
 7.8952     40
 7.8977     40
 7.9002     39
 7.9027     33
 7.9052     27
 7.9077     33
 7.9102     37
 7.9127     40
 7.9152     41
 7.9177     32
 7.9202     34
 7.9227     41
 7.9252     41
 7.9277     39
 7.9302     35
 7.9327     40
 7.9352     40
 7.9377     41
 7.9402     39
 7.9427     27
 7.9452     42
 7.9477     34
 7.9502     27
 7.9527     36
 7.9552     37
 7.9577     35
 7.9602     33
 7.9627     25
 7.9652     28
 7.9677     41
 7.9702     31
 7.9727     37
 7.9752     32
 7.9777     42
 7.9802     37
 7.9827     21
 7.9852     25
 7.9877     39
 7.9902     39
 7.9927     36
 7.9952     36
 7.9977     37
 8.0002     35
 8.0027     36
 8.0052     34
 8.0077     33
 8.0102     45
 8.0127     29
 8.0152     29
 8.0177     37
 8.0202     52
 8.0227     27
 8.0252     39
 8.0277     31
 8.0302     36
 8.0327     35
 8.0352     28
 8.0377     37
 8.0402     30
 8.0427     38
 8.0452     40
 8.0477     42
 8.0502     29
 8.0527     40
 8.0552     39
 8.0577     41
 8.0602     29
 8.0627     35
 8.0652     36
 8.0677     40
 8.0702     34
 8.0727     30
 8.0752     34
 8.0778     37
 8.0803     33
 8.0828     32
 8.0853     26
 8.0878     37
 8.0903     40
 8.0928     27
 8.0953     35
 8.0978     33
 8.1003     37
 8.1028     17
 8.1053     29
 8.1078     30
 8.1103     31
 8.1128     36
 8.1153     30
 8.1178     28
 8.1203     40
 8.1228     35
 8.1253     36
 8.1278     35
 8.1303     30
 8.1328     36
 8.1353     31
 8.1378     31
 8.1403     29
 8.1428     36
 8.1453     42
 8.1478     33
 8.1503     23
 8.1528     28
 8.1553     34
 8.1578     27
 8.1603     25
 8.1628     28
 8.1653     25
 8.1678     34
 8.1703     23
 8.1728     24
 8.1753     30
 8.1778     29
 8.1803     29
 8.1828     32
 8.1853     28
 8.1878     23
 8.1903     28
 8.1928     29
 8.1953     30
 8.1978     19
 8.2003     26
 8.2028     38
 8.2053     33
 8.2078     33
 8.2103     29
 8.2128     34
 8.2153     32
 8.2178     33
 8.2203     29
 8.2228     19
 8.2253     23
 8.2278     23
 8.2303     34
 8.2328     39
 8.2353     29
 8.2378     34
 8.2403     29
 8.2428     32
 8.2453     33
 8.2478     38
 8.2503     26
 8.2528     41
 8.2553     29
 8.2578     29
 8.2603     27
 8.2628     26
 8.2653     24
 8.2678     23
 8.2703     22
 8.2728     24
 8.2753     26
 8.2778     26
 8.2803     32
 8.2828     30
 8.2854     32
 8.2879     29
 8.2904     37
 8.2929     32
 8.2954     28
 8.2979     17
 8.3004     27
 8.3029     27
 8.3054     25
 8.3079     17
 8.3104     31
 8.3129     29
 8.3154     32
 8.3179     36
 8.3204     21
 8.3229     26
 8.3254     33
 8.3279     25
 8.3304     29
 8.3329     22
 8.3354     23
 8.3379     26
 8.3404     33
 8.3429     28
 8.3454     28
 8.3479     31
 8.3504     19
 8.3529     22
 8.3554     30
 8.3579     27
 8.3604     23
 8.3629     38
 8.3654     25
 8.3679     26
 8.3704     23
 8.3729     23
 8.3754     22
 8.3779     23
 8.3804     32
 8.3829     23
 8.3854     19
 8.3879     31
 8.3904     23
 8.3929     25
 8.3954     19
 8.3979     30
 8.4004     28
 8.4029     24
 8.4054     30
 8.4079     21
 8.4104     22
 8.4129     26
 8.4154     22
 8.4179     25
 8.4204     28
 8.4229     22
 8.4254     19
 8.4279     28
 8.4304     31
 8.4329     13
 8.4354     26
 8.4379     27
 8.4404     26
 8.4429     13
 8.4454     21
 8.4479     27
 8.4504     24
 8.4529     29
 8.4554     24
 8.4579     15
 8.4604     31
 8.4629     17
 8.4654     20
 8.4679     25
 8.4704     30
 8.4729     18
 8.4754     26
 8.4779     17
 8.4804     25
 8.4829     24
 8.4854     33
 8.4879     14
 8.4904     21
 8.4929     25
 8.4955     23
  8.498     16
 8.5005     29
  8.503     27
 8.5055     22
  8.508     27
 8.5105     17
  8.513     21
 8.5155     19
  8.518     18
 8.5205     23
  8.523     20
 8.5255     18
  8.528     22
 8.5305     32
  8.533     20
 8.5355     26
  8.538     15
 8.5405     20
  8.543     30
 8.5455     15
  8.548     22
 8.5505     26
  8.553     23
 8.5555     28
  8.558     23
 8.5605     25
  8.563     17
 8.5655     22
  8.568     25
 8.5705     23
  8.573     19
 8.5755     19
  8.578     23
 8.5805     17
  8.583     20
 8.5855     13
  8.588     24
 8.5905     25
  8.593     23
 8.5955     18
  8.598     19
 8.6005     20
  8.603     23
 8.6055     21
  8.608     19
 8.6105     19
  8.613     22
 8.6155     31
  8.618     13
 8.6205     21
  8.623     23
 8.6255     16
  8.628     24
 8.6305     22
  8.633     17
 8.6355     30
  8.638     18
 8.6405     29
  8.643     25
 8.6455     19
  8.648     14
 8.6505     19
  8.653     16
 8.6555     16
  8.658     20
 8.6605     11
  8.663     26
 8.6655     19
  8.668     22
 8.6705     26
  8.673     21
 8.6755     24
  8.678     12
 8.6805     11
  8.683     36
 8.6855     20
  8.688     20
 8.6905     25
  8.693     30
 8.6955     18
  8.698     24
 8.7005     16
 8.7031     15
 8.7056     13
 8.7081     19
 8.7106     18
 8.7131     10
 8.7156     18
 8.7181     27
 8.7206     13
 8.7231     16
 8.7256     16
 8.7281     16
 8.7306     11
 8.7331     18
 8.7356     20
 8.7381     20
 8.7406     19
 8.7431     18
 8.7456     20
 8.7481     17
 8.7506     20
 8.7531     26
 8.7556     20
 8.7581     17
 8.7606     22
 8.7631     15
 8.7656     16
 8.7681     19
 8.7706     13
 8.7731     15
 8.7756     11
 8.7781     21
 8.7806     15
 8.7831     13
 8.7856     19
 8.7881     18
 8.7906     14
 8.7931     19
 8.7956     18
 8.7981     15
 8.8006     16
 8.8031     16
 8.8056     24
 8.8081     14
 8.8106     22
 8.8131     23
 8.8156     13
 8.8181     18
 8.8206     18
 8.8231     18
 8.8256     18
 8.8281     12
 8.8306     12
 8.8331     13
 8.8356     15
 8.8381     23
 8.8406     26
 8.8431     18
 8.8456     12
 8.8481     19
 8.8506     21
 8.8531     20
 8.8556     21
 8.8581     13
 8.8606     22
 8.8631      8
 8.8656     16
 8.8681     13
 8.8706     13
 8.8731     18
 8.8756     18
 8.8781     18
 8.8806     17
 8.8831     19
 8.8856     23
 8.8881     19
 8.8906     18
 8.8931     15
 8.8956     11
 8.8981     11
 8.9006     25
 8.9031     14
 8.9056     12
 8.9081     15
 8.9107     10
 8.9132     26
 8.9157     15
 8.9182     11
 8.9207     13
 8.9232     11
 8.9257     17
 8.9282     17
 8.9307     11
 8.9332     19
 8.9357     22
 8.9382     10
 8.9407     13
 8.9432     17
 8.9457     13
 8.9482     16
 8.9507     16
 8.9532     15
 8.9557     12
 8.9582     13
 8.9607     13
 8.9632      9
 8.9657     12
 8.9682      9
 8.9707     14
 8.9732      8
 8.9757     13
 8.9782     23
 8.9807     15
 8.9832     15
 8.9857     13
 8.9882     11
 8.9907     16
 8.9932     16
 8.9957     10
 8.9982     12
 9.0007     13
 9.0032      9
 9.0057     16
 9.0082     13
 9.0107     16
 9.0132     16
 9.0157     16
 9.0182     16
 9.0207     10
 9.0232     14
 9.0257     15
 9.0282     19
 9.0307     10
 9.0332      9
 9.0357     13
 9.0382     10
 9.0407     13
 9.0432     17
 9.0457     14
 9.0482     15
 9.0507     17
 9.0532     11
 9.0557      9
 9.0582     13
 9.0607      8
 9.0632     16
 9.0657     10
 9.0682     11
 9.0707     12
 9.0732     16
 9.0757     17
 9.0782      9
 9.0807      8
 9.0832     13
 9.0857     10
 9.0882     12
 9.0907     12
 9.0932     13
 9.0957     22
 9.0982     18
 9.1007     13
 9.1032     12
 9.1057      9
 9.1082      9
 9.1107     14
 9.1132     19
 9.1157     16
 9.1182     13
 9.1208     14
 9.1233     15
 9.1258     13
 9.1283     10
 9.1308      9
 9.1333     14
 9.1358     12
 9.1383     18
 9.1408     10
 9.1433     11
 9.1458     17
 9.1483     12
 9.1508      6
 9.1533     10
 9.1558     11
 9.1583     18
 9.1608     12
 9.1633     18
 9.1658     12
 9.1683     11
 9.1708     11
 9.1733     10
 9.1758     11
 9.1783     15
 9.1808     12
 9.1833      9
 9.1858     14
 9.1883     12
 9.1908     12
 9.1933      9
 9.1958      8
 9.1983      4
 9.2008     12
 9.2033      9
 9.2058      7
 9.2083     14
 9.2108     10
 9.2133      7
 9.2158      9
 9.2183      9
 9.2208      5
 9.2233     14
 9.2258     14
 9.2283     14
 9.2308     11
 9.2333     14
 9.2358      9
 9.2383     11
 9.2408      8
 9.2433     11
 9.2458     10
 9.2483     12
 9.2508     10
 9.2533     12
 9.2558      8
 9.2583      6
 9.2608     14
 9.2633     10
 9.2658      8
 9.2683     16
 9.2708      9
 9.2733      4
 9.2758      6
 9.2783     10
 9.2808      9
 9.2833     16
 9.2858     10
 9.2883      8
 9.2908     13
 9.2933      6
 9.2958     12
 9.2983     10
 9.3008      8
 9.3033      8
 9.3058      8
 9.3083     12
 9.3108     11
 9.3133     13
 9.3158     10
 9.3183      4
 9.3208      7
 9.3233      6
 9.3258      9
 9.3284     10
 9.3309      9
 9.3334     15
 9.3359     11
 9.3384      5
 9.3409      4
 9.3434     12
 9.3459      8
 9.3484      7
 9.3509     10
 9.3534     13
 9.3559      9
 9.3584     11
 9.3609     12
 9.3634      6
 9.3659      8
 9.3684      8
 9.3709      8
 9.3734      7
 9.3759     14
 9.3784     12
 9.3809      8
 9.3834      6
 9.3859      7
 9.3884      6
 9.3909     10
 9.3934      2
 9.3959      5
 9.3984      7
 9.4009      7
 9.4034      7
 9.4059      9
 9.4084      7
 9.4109     14
 9.4134      6
 9.4159      7
 9.4184      5
 9.4209     10
 9.4234      3
 9.4259      7
 9.4284     17
 9.4309      6
 9.4334      9
 9.4359      7
 9.4384      4
 9.4409      9
 9.4434      6
 9.4459      2
 9.4484      5
 9.4509      4
 9.4534      4
 9.4559      8
 9.4584      6
 9.4609     11
 9.4634      7
 9.4659     13
 9.4684      9
 9.4709      6
 9.4734      9
 9.4759      2
 9.4784      4
 9.4809      4
 9.4834     11
 9.4859     10
 9.4884      7
 9.4909      8
 9.4934      4
 9.4959      6
 9.4984     10
 9.5009      8
 9.5034      7
 9.5059      5
 9.5084      3
 9.5109      7
 9.5134      7
 9.5159      4
 9.5184      6
 9.5209      5
 9.5234      2
 9.5259      5
 9.5284      6
 9.5309     10
 9.5334      6
  9.536      7
 9.5385      8
  9.541      6
 9.5435      9
  9.546      7
 9.5485      7
  9.551      6
 9.5535      3
  9.556      3
 9.5585      9
  9.561      3
 9.5635      7
  9.566      9
 9.5685      5
  9.571      8
 9.5735      8
  9.576      2
 9.5785      6
  9.581      5
 9.5835      5
  9.586      8
 9.5885      2
  9.591      3
 9.5935      6
  9.596      5
 9.5985      4
  9.601      2
 9.6035      5
  9.606      7
 9.6085      0
  9.611      7
 9.6135      7
  9.616      5
 9.6185      6
  9.621      4
 9.6235     10
  9.626      5
 9.6285      4
  9.631      4
 9.6335      4
  9.636      6
 9.6385      4
  9.641      4
 9.6435      1
  9.646      4
 9.6485      5
  9.651      4
 9.6535      5
  9.656      4
 9.6585      2
  9.661      5
 9.6635      5
  9.666      2
 9.6685      4
  9.671      7
 9.6735      4
  9.676      2
 9.6785      5
  9.681      4
 9.6835      3
  9.686      6
 9.6885      4
  9.691      2
 9.6935      7
  9.696      0
 9.6985      1
  9.701      5
 9.7035      5
  9.706      3
 9.7085      1
  9.711      6
 9.7135      5
  9.716      5
 9.7185      2
  9.721      4
 9.7235      3
  9.726      4
 9.7285      6
  9.731      7
 9.7335      1
  9.736      4
 9.7385      4
  9.741      3
 9.7435      0
 9.7461      3
 9.7486      5
 9.7511      3
 9.7536      2
 9.7561      4
 9.7586      1
 9.7611      3
 9.7636      4
 9.7661      2
 9.7686      2
 9.7711      2
 9.7736      1
 9.7761      1
 9.7786      5
 9.7811      3
 9.7836      0
 9.7861      5
 9.7886      4
 9.7911      1
 9.7936      5
 9.7961      4
 9.7986      4
 9.8011      3
 9.8036      1
 9.8061      2
 9.8086      1
 9.8111      2
 9.8136      1
 9.8161      4
 9.8186      4
 9.8211      3
 9.8236      1
 9.8261      1
 9.8286      4
 9.8311      5
 9.8336      6
 9.8361      3
 9.8386      4
 9.8411      0
 9.8436      2
 9.8461      2
 9.8486      1
 9.8511      1
 9.8536      0
 9.8561      1
 9.8586      1
 9.8611      1
 9.8636      2
 9.8661      1
 9.8686      0
 9.8711      0
 9.8736      1
 9.8761      3
 9.8786      2
 9.8811      0
 9.8836      0
 9.8861      0
 9.8886      0
 9.8911      0
 9.8936      2
 9.8961      0
 9.8986      1
 9.9011      2
 9.9036      2
 9.9061      1
 9.9086      2
 9.9111      2
 9.9136      0
 9.9161      1
 9.9186      0
 9.9211      1
 9.9236      1
 9.9261      3
 9.9286      1
 9.9311      0
 9.9336      1
 9.9361      0
 9.9386      0
 9.9411      1
 9.9436      2
 9.9461      1
 9.9486      2
 9.9511      0
 9.9537      2
 9.9562      1
 9.9587      0
 9.9612      0
 9.9637      1
 9.9662      0
 9.9687      0
 9.9712      0
 9.9737      2
 9.9762      2
 9.9787      1
 9.9812      0
 9.9837      0
 9.9862      0
 9.9887      2
 9.9912      1
 9.9937      0
 9.9962      1
 9.9987      0
10.0012      0
10.0037      0
