Bruker Nano GmbH Berlin, Germany
Esprit 1.9

Datum: 11.09.2015 18:54:07
Real-Zeit: 134070
Life-Zeit: 120514
Impulsdichte: 22029

Primärenergie: 10
Abnahmewinkel: 35
Kippungwinkel: 0
Azimutwinkel: 45

Detektor-Typ: XFlash 6|30
Fenster-Typ: slew AP3.3
Detektordicke: 0.45
Si-Totschicht:0.029

Kalibrierung, lin.: 2.501
Kalibrierung, abs.: -238.74
Mn-FWHM: 123.216
Fano-Faktor: 0.106
Kanäle: 4096

Energie Impulse
-0.2387     0
-0.2362     0
-0.2337     0
-0.2312     0
-0.2287     0
-0.2262     0
-0.2237     0
-0.2212     0
-0.2187     0
-0.2162     0
-0.2137     0
-0.2112     0
-0.2087     0
-0.2062     0
-0.2037     0
-0.2012     0
-0.1987     0
-0.1962     0
-0.1937     0
-0.1912     0
-0.1887     0
-0.1862     0
-0.1837     0
-0.1812     0
-0.1787     0
-0.1762     0
-0.1737     0
-0.1712     0
-0.1687     0
-0.1662     0
-0.1637     0
-0.1612     0
-0.1587     0
-0.1562     0
-0.1537     0
-0.1512     0
-0.1487     0
-0.1462     0
-0.1437     0
-0.1412     0
-0.1387     0
-0.1362     0
-0.1337     0
-0.1312     0
-0.1287     0
-0.1262     0
-0.1237     0
-0.1212     0
-0.1187     0
-0.1162     0
-0.1137     0
-0.1112     0
-0.1087     0
-0.1062     0
-0.1037     0
-0.1012     0
-0.0987     0
-0.0962     0
-0.0937     0
-0.0912     1
-0.0887     0
-0.0862     1
-0.0837     3
-0.0812     0
-0.0787     2
-0.0762     3
-0.0737     7
-0.0712     6
-0.0687    11
-0.0662    30
-0.0637    31
-0.0612    74
-0.0587   122
-0.0562   161
-0.0537   237
-0.0511   382
-0.0486   601
-0.0461   917
-0.0436  1302
-0.0411  1808
-0.0386  2616
-0.0361  3452
-0.0336  4502
-0.0311  6011
-0.0286  7573
-0.0261  9489
-0.0236 11499
-0.0211 13978
-0.0186 16317
-0.0161 18885
-0.0136 21199
-0.0111 23474
-0.0086 25375
-0.0061 26817
-0.0036 28220
-0.0011 28309
 0.0014 28334
 0.0039 27855
 0.0064 26486
 0.0089 25080
 0.0114 23131
 0.0139 20805
 0.0164 18550
 0.0189 16057
 0.0214 13671
 0.0239 11160
 0.0264  9154
 0.0289  7621
 0.0314  5837
 0.0339  4610
 0.0364  3526
 0.0389  2620
 0.0414  1895
 0.0439  1348
 0.0464   996
 0.0489   698
 0.0514   503
 0.0539   362
 0.0564   240
 0.0589   166
 0.0614   110
 0.0639    92
 0.0664    58
 0.0689     0
 0.0714     0
 0.0739     0
 0.0764     0
 0.0789     0
 0.0814     0
 0.0839     0
 0.0864     0
 0.0889     0
 0.0914     0
 0.0939     0
 0.0964     0
 0.0989   176
 0.1014   140
 0.1039    83
 0.1064    29
 0.1089     5
 0.1114     0
 0.1139     0
 0.1164     0
 0.1189     0
 0.1214     0
 0.1239     0
 0.1264     0
 0.1289     0
 0.1314     0
 0.1339     0
 0.1364     0
 0.1389     0
 0.1414     0
 0.1439     0
 0.1464     0
 0.1489     0
 0.1514     0
 0.1539     0
 0.1565     0
  0.159     0
 0.1615     0
  0.164     0
 0.1665    18
  0.169     8
 0.1715    40
  0.174    64
 0.1765    67
  0.179   105
 0.1815   122
  0.184   182
 0.1865   249
  0.189   323
 0.1915   398
  0.194   451
 0.1965   560
  0.199   731
 0.2015   879
  0.204  1067
 0.2065  1309
  0.209  1601
 0.2115  1979
  0.214  2452
 0.2165  3027
  0.219  3790
 0.2215  4661
  0.224  5841
 0.2265  7217
  0.229  8957
 0.2315 10964
  0.234 13201
 0.2365 15916
  0.239 19084
 0.2415 22709
  0.244 26837
 0.2465 31391
  0.249 36125
 0.2515 41098
  0.254 46341
 0.2565 51794
  0.259 57147
 0.2615 62317
  0.264 67225
 0.2665 71556
  0.269 75304
 0.2715 78244
  0.274 80278
 0.2765 81243
  0.279 81195
 0.2815 80054
  0.284 77888
 0.2865 74909
  0.289 71206
 0.2915 67118
  0.294 62218
 0.2965 56824
  0.299 51285
 0.3015 45558
  0.304 39877
 0.3065 34669
  0.309 29688
 0.3115 25109
  0.314 20977
 0.3165 17291
  0.319 13972
 0.3215 11218
  0.324  8862
 0.3265  7082
  0.329  5495
 0.3315  4238
  0.334  3195
 0.3365  2402
  0.339  1832
 0.3415  1380
  0.344  1073
 0.3465   851
  0.349   689
 0.3515   589
  0.354   525
 0.3565   442
  0.359   395
 0.3615   358
  0.364   332
 0.3666   336
 0.3691   322
 0.3716   314
 0.3741   310
 0.3766   326
 0.3791   321
 0.3816   320
 0.3841   305
 0.3866   303
 0.3891   314
 0.3916   313
 0.3941   290
 0.3966   310
 0.3991   301
 0.4016   309
 0.4041   287
 0.4066   313
 0.4091   293
 0.4116   315
 0.4141   285
 0.4166   280
 0.4191   287
 0.4216   290
 0.4241   297
 0.4266   306
 0.4291   308
 0.4316   308
 0.4341   300
 0.4366   304
 0.4391   304
 0.4416   305
 0.4441   321
 0.4466   339
 0.4491   351
 0.4516   348
 0.4541   375
 0.4566   387
 0.4591   426
 0.4616   450
 0.4641   486
 0.4666   510
 0.4691   525
 0.4716   591
 0.4741   674
 0.4766   779
 0.4791   852
 0.4816   917
 0.4841  1044
 0.4866  1113
 0.4891  1264
 0.4916  1469
 0.4941  1656
 0.4966  1839
 0.4991  1959
 0.5016  2120
 0.5041  2329
 0.5066  2471
 0.5091  2568
 0.5116  2802
 0.5141  2953
 0.5166  3203
 0.5191  3239
 0.5216  3265
 0.5241  3289
 0.5266  3378
 0.5291  3398
 0.5316  3277
 0.5341  3281
 0.5366  3233
 0.5391  2900
 0.5416  2759
 0.5441  2660
 0.5466  2539
 0.5491  2369
 0.5516  2121
 0.5541  1855
 0.5566  1724
 0.5591  1585
 0.5616  1419
 0.5641  1235
 0.5666  1135
 0.5691   996
 0.5716   890
 0.5742   796
 0.5767   675
 0.5792   618
 0.5817   556
 0.5842   524
 0.5867   458
 0.5892   400
 0.5917   404
 0.5942   351
 0.5967   342
 0.5992   355
 0.6017   341
 0.6042   311
 0.6067   328
 0.6092   367
 0.6117   368
 0.6142   377
 0.6167   393
 0.6192   409
 0.6217   460
 0.6242   473
 0.6267   465
 0.6292   542
 0.6317   583
 0.6342   668
 0.6367   658
 0.6392   796
 0.6417   900
 0.6442   987
 0.6467  1022
 0.6492  1228
 0.6517  1223
 0.6542  1377
 0.6567  1479
 0.6592  1583
 0.6617  1665
 0.6642  1756
 0.6667  1830
 0.6692  1947
 0.6717  1943
 0.6742  1962
 0.6767  2023
 0.6792  2015
 0.6817  2069
 0.6842  1954
 0.6867  1897
 0.6892  1845
 0.6917  1901
 0.6942  1753
 0.6967  1706
 0.6992  1578
 0.7017  1487
 0.7042  1397
 0.7067  1338
 0.7092  1177
 0.7117  1080
 0.7142  1030
 0.7167   906
 0.7192   855
 0.7217   799
 0.7242   728
 0.7267   633
 0.7292   573
 0.7317   556
 0.7342   482
 0.7367   486
 0.7392   465
 0.7417   473
 0.7442   418
 0.7467   439
 0.7492   397
 0.7517   357
 0.7542   369
 0.7567   406
 0.7592   431
 0.7617   349
 0.7642   382
 0.7667   398
 0.7692   384
 0.7717   419
 0.7742   416
 0.7767   377
 0.7792   402
 0.7818   365
 0.7843   395
 0.7868   416
 0.7893   402
 0.7918   359
 0.7943   396
 0.7968   442
 0.7993   392
 0.8018   400
 0.8043   375
 0.8068   403
 0.8093   417
 0.8118   414
 0.8143   376
 0.8168   389
 0.8193   409
 0.8218   407
 0.8243   407
 0.8268   386
 0.8293   378
 0.8318   379
 0.8343   386
 0.8368   417
 0.8393   397
 0.8418   424
 0.8443   375
 0.8468   405
 0.8493   405
 0.8518   431
 0.8543   387
 0.8568   414
 0.8593   405
 0.8618   408
 0.8643   417
 0.8668   411
 0.8693   397
 0.8718   439
 0.8743   407
 0.8768   404
 0.8793   407
 0.8818   456
 0.8843   402
 0.8868   427
 0.8893   386
 0.8918   404
 0.8943   411
 0.8968   431
 0.8993   462
 0.9018   447
 0.9043   446
 0.9068   455
 0.9093   429
 0.9118   480
 0.9143   460
 0.9168   449
 0.9193   473
 0.9218   486
 0.9243   474
 0.9268   475
 0.9293   460
 0.9318   429
 0.9343   488
 0.9368   483
 0.9393   439
 0.9418   438
 0.9443   441
 0.9468   485
 0.9493   474
 0.9518   489
 0.9543   473
 0.9568   474
 0.9593   466
 0.9618   469
 0.9643   474
 0.9668   462
 0.9693   483
 0.9718   499
 0.9743   451
 0.9768   477
 0.9793   459
 0.9818   486
 0.9843   436
 0.9868   432
 0.9893   451
 0.9919   465
 0.9944   469
 0.9969   509
 0.9994   466
 1.0019   474
 1.0044   486
 1.0069   502
 1.0094   513
 1.0119   479
 1.0144   518
 1.0169   514
 1.0194   521
 1.0219   502
 1.0244   542
 1.0269   558
 1.0294   510
 1.0319   561
 1.0344   545
 1.0369   546
 1.0394   527
 1.0419   580
 1.0444   548
 1.0469   557
 1.0494   520
 1.0519   557
 1.0544   572
 1.0569   492
 1.0594   540
 1.0619   538
 1.0644   535
 1.0669   535
 1.0694   561
 1.0719   489
 1.0744   529
 1.0769   544
 1.0794   494
 1.0819   550
 1.0844   491
 1.0869   481
 1.0894   513
 1.0919   501
 1.0944   505
 1.0969   502
 1.0994   484
 1.1019   538
 1.1044   484
 1.1069   504
 1.1094   510
 1.1119   501
 1.1144   540
 1.1169   536
 1.1194   549
 1.1219   560
 1.1244   541
 1.1269   597
 1.1294   628
 1.1319   685
 1.1344   664
 1.1369   718
 1.1394   753
 1.1419   826
 1.1444   823
 1.1469   927
 1.1494  1096
 1.1519  1098
 1.1544  1207
 1.1569  1224
 1.1594  1295
 1.1619  1426
 1.1644  1515
 1.1669  1604
 1.1694  1735
 1.1719  1763
 1.1744  1889
 1.1769  1991
 1.1794  2081
 1.1819  2208
 1.1844  2207
 1.1869  2348
 1.1894  2403
 1.1919  2500
 1.1944  2429
 1.1969  2602
 1.1995  2454
  1.202  2514
 1.2045  2460
  1.207  2364
 1.2095  2431
  1.212  2431
 1.2145  2312
  1.217  2247
 1.2195  2188
  1.222  2048
 1.2245  2043
  1.227  1961
 1.2295  1869
  1.232  1786
 1.2345  1722
  1.237  1630
 1.2395  1468
  1.242  1472
 1.2445  1300
  1.247  1275
 1.2495  1156
  1.252  1095
 1.2545  1014
  1.257  1000
 1.2595   941
  1.262   895
 1.2645   819
  1.267   778
 1.2695   715
  1.272   702
 1.2745   681
  1.277   631
 1.2795   599
  1.282   602
 1.2845   561
  1.287   546
 1.2895   562
  1.292   541
 1.2945   541
  1.297   529
 1.2995   542
  1.302   511
 1.3045   479
  1.307   509
 1.3095   481
  1.312   490
 1.3145   479
  1.317   478
 1.3195   462
  1.322   450
 1.3245   466
  1.327   455
 1.3295   443
  1.332   448
 1.3345   459
  1.337   430
 1.3395   450
  1.342   452
 1.3445   457
  1.347   460
 1.3495   446
  1.352   439
 1.3545   428
  1.357   430
 1.3595   440
  1.362   424
 1.3645   423
  1.367   440
 1.3695   432
  1.372   430
 1.3745   429
  1.377   449
 1.3795   427
  1.382   430
 1.3845   418
  1.387   409
 1.3895   422
  1.392   441
 1.3945   445
  1.397   465
 1.3995   463
  1.402   457
 1.4045   481
 1.4071   499
 1.4096   558
 1.4121   593
 1.4146   598
 1.4171   614
 1.4196   648
 1.4221   695
 1.4246   759
 1.4271   840
 1.4296   900
 1.4321   950
 1.4346   971
 1.4371  1066
 1.4396  1232
 1.4421  1300
 1.4446  1442
 1.4471  1555
 1.4496  1677
 1.4521  1793
 1.4546  1946
 1.4571  2133
 1.4596  2255
 1.4621  2371
 1.4646  2521
 1.4671  2614
 1.4696  2747
 1.4721  2874
 1.4746  2992
 1.4771  3114
 1.4796  3213
 1.4821  3289
 1.4846  3329
 1.4871  3295
 1.4896  3297
 1.4921  3305
 1.4946  3293
 1.4971  3255
 1.4996  3189
 1.5021  3117
 1.5046  3006
 1.5071  2872
 1.5096  2780
 1.5121  2685
 1.5146  2555
 1.5171  2360
 1.5196  2188
 1.5221  2105
 1.5246  1937
 1.5271  1781
 1.5296  1694
 1.5321  1586
 1.5346  1464
 1.5371  1344
 1.5396  1267
 1.5421  1194
 1.5446  1050
 1.5471   952
 1.5496   913
 1.5521   852
 1.5546   781
 1.5571   709
 1.5596   662
 1.5621   617
 1.5646   615
 1.5671   607
 1.5696   546
 1.5721   509
 1.5746   506
 1.5771   480
 1.5796   462
 1.5821   475
 1.5846   450
 1.5871   414
 1.5896   419
 1.5921   425
 1.5946   427
 1.5971   422
 1.5996   418
 1.6021   408
 1.6046   391
 1.6071   392
 1.6096   395
 1.6121   387
 1.6146   365
 1.6172   370
 1.6197   366
 1.6222   371
 1.6247   368
 1.6272   358
 1.6297   356
 1.6322   363
 1.6347   369
 1.6372   366
 1.6397   356
 1.6422   366
 1.6447   360
 1.6472   354
 1.6497   369
 1.6522   392
 1.6547   365
 1.6572   362
 1.6597   376
 1.6622   359
 1.6647   333
 1.6672   330
 1.6697   369
 1.6722   353
 1.6747   348
 1.6772   347
 1.6797   366
 1.6822   358
 1.6847   363
 1.6872   361
 1.6897   385
 1.6922   372
 1.6947   348
 1.6972   339
 1.6997   370
 1.7022   376
 1.7047   369
 1.7072   393
 1.7097   382
 1.7122   379
 1.7147   368
 1.7172   365
 1.7197   399
 1.7222   392
 1.7247   379
 1.7272   359
 1.7297   388
 1.7322   409
 1.7347   385
 1.7372   390
 1.7397   390
 1.7422   405
 1.7447   423
 1.7472   421
 1.7497   428
 1.7522   427
 1.7547   392
 1.7572   372
 1.7597   383
 1.7622   417
 1.7647   392
 1.7672   346
 1.7697   377
 1.7722   408
 1.7747   386
 1.7772   400
 1.7797   380
 1.7822   401
 1.7847   396
 1.7872   383
 1.7897   368
 1.7922   347
 1.7947   361
 1.7972   372
 1.7997   349
 1.8022   333
 1.8047   323
 1.8072   343
 1.8097   344
 1.8122   337
 1.8147   315
 1.8172   344
 1.8197   322
 1.8222   339
 1.8248   319
 1.8273   337
 1.8298   333
 1.8323   327
 1.8348   296
 1.8373   339
 1.8398   358
 1.8423   330
 1.8448   301
 1.8473   311
 1.8498   339
 1.8523   315
 1.8548   308
 1.8573   345
 1.8598   313
 1.8623   335
 1.8648   343
 1.8673   306
 1.8698   305
 1.8723   325
 1.8748   322
 1.8773   329
 1.8798   335
 1.8823   325
 1.8848   338
 1.8873   308
 1.8898   305
 1.8923   335
 1.8948   328
 1.8973   343
 1.8998   315
 1.9023   338
 1.9048   356
 1.9073   319
 1.9098   345
 1.9123   351
 1.9148   339
 1.9173   360
 1.9198   340
 1.9223   396
 1.9248   392
 1.9273   455
 1.9298   426
 1.9323   426
 1.9348   482
 1.9373   483
 1.9398   524
 1.9423   537
 1.9448   581
 1.9473   648
 1.9498   688
 1.9523   692
 1.9548   772
 1.9573   782
 1.9598   876
 1.9623   944
 1.9648  1046
 1.9673  1063
 1.9698  1149
 1.9723  1291
 1.9748  1363
 1.9773  1398
 1.9798  1559
 1.9823  1566
 1.9848  1603
 1.9873  1666
 1.9898  1831
 1.9923  1859
 1.9948  1951
 1.9973  2039
 1.9998  2050
 2.0023  2115
 2.0048  2090
 2.0073  2141
 2.0098  2250
 2.0123  2262
 2.0148  2202
 2.0173  2222
 2.0198  2244
 2.0223  2198
 2.0248  2194
 2.0273  2150
 2.0298  2094
 2.0324  1955
 2.0349  1926
 2.0374  1857
 2.0399  1843
 2.0424  1817
 2.0449  1619
 2.0474  1552
 2.0499  1416
 2.0524  1308
 2.0549  1297
 2.0574  1192
 2.0599  1110
 2.0624  1016
 2.0649   965
 2.0674   933
 2.0699   838
 2.0724   798
 2.0749   730
 2.0774   661
 2.0799   635
 2.0824   622
 2.0849   557
 2.0874   555
 2.0899   510
 2.0924   499
 2.0949   473
 2.0974   478
 2.0999   446
 2.1024   418
 2.1049   384
 2.1074   392
 2.1099   419
 2.1124   404
 2.1149   374
 2.1174   409
 2.1199   369
 2.1224   393
 2.1249   386
 2.1274   383
 2.1299   400
 2.1324   447
 2.1349   416
 2.1374   410
 2.1399   383
 2.1424   367
 2.1449   370
 2.1474   365
 2.1499   370
 2.1524   371
 2.1549   351
 2.1574   342
 2.1599   332
 2.1624   338
 2.1649   353
 2.1674   344
 2.1699   300
 2.1724   322
 2.1749   352
 2.1774   320
 2.1799   336
 2.1824   326
 2.1849   331
 2.1874   306
 2.1899   307
 2.1924   296
 2.1949   277
 2.1974   286
 2.1999   272
 2.2024   272
 2.2049   309
 2.2074   277
 2.2099   273
 2.2124   300
 2.2149   292
 2.2174   275
 2.2199   281
 2.2224   287
 2.2249   285
 2.2274   276
 2.2299   273
 2.2324   269
 2.2349   284
 2.2374   277
 2.2399   284
 2.2425   285
  2.245   272
 2.2475   256
   2.25   255
 2.2525   256
  2.255   262
 2.2575   292
   2.26   287
 2.2625   263
  2.265   272
 2.2675   271
   2.27   273
 2.2725   268
  2.275   264
 2.2775   264
   2.28   270
 2.2825   274
  2.285   271
 2.2875   256
   2.29   267
 2.2925   277
  2.295   268
 2.2975   265
    2.3   269
 2.3025   268
  2.305   266
 2.3075   272
   2.31   277
 2.3125   257
  2.315   248
 2.3175   255
   2.32   237
 2.3225   240
  2.325   255
 2.3275   262
   2.33   268
 2.3325   261
  2.335   259
 2.3375   251
   2.34   251
 2.3425   265
  2.345   258
 2.3475   257
   2.35   254
 2.3525   254
  2.355   237
 2.3575   231
   2.36   237
 2.3625   244
  2.365   248
 2.3675   245
   2.37   264
 2.3725   257
  2.375   222
 2.3775   232
   2.38   239
 2.3825   228
  2.385   234
 2.3875   242
   2.39   243
 2.3925   240
  2.395   245
 2.3975   234
    2.4   235
 2.4025   247
  2.405   239
 2.4075   229
   2.41   240
 2.4125   247
  2.415   246
 2.4175   237
   2.42   219
 2.4225   224
  2.425   233
 2.4275   228
   2.43   239
 2.4325   230
  2.435   225
 2.4375   226
   2.44   240
 2.4425   245
  2.445   224
 2.4475   227
 2.4501   232
 2.4526   238
 2.4551   232
 2.4576   217
 2.4601   235
 2.4626   242
 2.4651   228
 2.4676   226
 2.4701   248
 2.4726   232
 2.4751   204
 2.4776   215
 2.4801   235
 2.4826   233
 2.4851   221
 2.4876   207
 2.4901   221
 2.4926   239
 2.4951   238
 2.4976   224
 2.5001   197
 2.5026   205
 2.5051   222
 2.5076   224
 2.5101   220
 2.5126   212
 2.5151   224
 2.5176   228
 2.5201   222
 2.5226   246
 2.5251   236
 2.5276   229
 2.5301   225
 2.5326   221
 2.5351   212
 2.5376   232
 2.5401   215
 2.5426   220
 2.5451   246
 2.5476   243
 2.5501   216
 2.5526   206
 2.5551   201
 2.5576   214
 2.5601   212
 2.5626   229
 2.5651   210
 2.5676   235
 2.5701   221
 2.5726   212
 2.5751   236
 2.5776   224
 2.5801   224
 2.5826   212
 2.5851   228
 2.5876   218
 2.5901   226
 2.5926   230
 2.5951   221
 2.5976   240
 2.6001   232
 2.6026   225
 2.6051   218
 2.6076   212
 2.6101   208
 2.6126   223
 2.6151   223
 2.6176   240
 2.6201   242
 2.6226   187
 2.6251   226
 2.6276   228
 2.6301   220
 2.6326   214
 2.6351   217
 2.6376   224
 2.6401   231
 2.6426   218
 2.6451   233
 2.6476   231
 2.6501   240
 2.6526   200
 2.6551   232
 2.6577   232
 2.6602   215
 2.6627   198
 2.6652   192
 2.6677   186
 2.6702   212
 2.6727   203
 2.6752   191
 2.6777   188
 2.6802   235
 2.6827   227
 2.6852   208
 2.6877   189
 2.6902   212
 2.6927   209
 2.6952   207
 2.6977   204
 2.7002   230
 2.7027   200
 2.7052   205
 2.7077   209
 2.7102   185
 2.7127   184
 2.7152   215
 2.7177   184
 2.7202   220
 2.7227   209
 2.7252   208
 2.7277   202
 2.7302   199
 2.7327   218
 2.7352   171
 2.7377   172
 2.7402   211
 2.7427   199
 2.7452   215
 2.7477   199
 2.7502   197
 2.7527   206
 2.7552   194
 2.7577   196
 2.7602   212
 2.7627   217
 2.7652   187
 2.7677   170
 2.7702   203
 2.7727   195
 2.7752   214
 2.7777   192
 2.7802   181
 2.7827   194
 2.7852   226
 2.7877   198
 2.7902   227
 2.7927   204
 2.7952   215
 2.7977   200
 2.8002   198
 2.8027   173
 2.8052   177
 2.8077   185
 2.8102   203
 2.8127   213
 2.8152   197
 2.8177   203
 2.8202   185
 2.8227   200
 2.8252   190
 2.8277   196
 2.8302   191
 2.8327   178
 2.8352   187
 2.8377   179
 2.8402   201
 2.8427   195
 2.8452   194
 2.8477   181
 2.8502   189
 2.8527   192
 2.8552   193
 2.8577   191
 2.8602   184
 2.8627   174
 2.8652   187
 2.8678   182
 2.8703   197
 2.8728   198
 2.8753   202
 2.8778   194
 2.8803   191
 2.8828   205
 2.8853   172
 2.8878   179
 2.8903   168
 2.8928   187
 2.8953   190
 2.8978   192
 2.9003   184
 2.9028   180
 2.9053   190
 2.9078   181
 2.9103   179
 2.9128   181
 2.9153   178
 2.9178   197
 2.9203   196
 2.9228   192
 2.9253   185
 2.9278   168
 2.9303   195
 2.9328   188
 2.9353   174
 2.9378   170
 2.9403   216
 2.9428   219
 2.9453   203
 2.9478   194
 2.9503   178
 2.9528   206
 2.9553   195
 2.9578   194
 2.9603   189
 2.9628   190
 2.9653   195
 2.9678   189
 2.9703   199
 2.9728   184
 2.9753   173
 2.9778   194
 2.9803   205
 2.9828   178
 2.9853   176
 2.9878   185
 2.9903   192
 2.9928   214
 2.9953   203
 2.9978   195
 3.0003   197
 3.0028   206
 3.0053   205
 3.0078   203
 3.0103   198
 3.0128   192
 3.0153   172
 3.0178   195
 3.0203   188
 3.0228   198
 3.0253   199
 3.0278   190
 3.0303   192
 3.0328   196
 3.0353   186
 3.0378   179
 3.0403   182
 3.0428   179
 3.0453   190
 3.0478   178
 3.0503   184
 3.0528   189
 3.0553   193
 3.0578   189
 3.0603   161
 3.0628   163
 3.0653   178
 3.0678   169
 3.0703   179
 3.0728   168
 3.0754   182
 3.0779   194
 3.0804   171
 3.0829   176
 3.0854   180
 3.0879   168
 3.0904   172
 3.0929   169
 3.0954   168
 3.0979   169
 3.1004   171
 3.1029   164
 3.1054   163
 3.1079   173
 3.1104   172
 3.1129   167
 3.1154   149
 3.1179   163
 3.1204   164
 3.1229   171
 3.1254   164
 3.1279   171
 3.1304   173
 3.1329   173
 3.1354   166
 3.1379   164
 3.1404   179
 3.1429   180
 3.1454   172
 3.1479   164
 3.1504   164
 3.1529   167
 3.1554   175
 3.1579   175
 3.1604   176
 3.1629   175
 3.1654   179
 3.1679   179
 3.1704   167
 3.1729   160
 3.1754   168
 3.1779   177
 3.1804   177
 3.1829   171
 3.1854   168
 3.1879   167
 3.1904   169
 3.1929   164
 3.1954   150
 3.1979   159
 3.2004   169
 3.2029   161
 3.2054   167
 3.2079   166
 3.2104   156
 3.2129   155
 3.2154   164
 3.2179   162
 3.2204   155
 3.2229   160
 3.2254   167
 3.2279   171
 3.2304   179
 3.2329   178
 3.2354   176
 3.2379   164
 3.2404   154
 3.2429   158
 3.2454   163
 3.2479   170
 3.2504   173
 3.2529   160
 3.2554   170
 3.2579   162
 3.2604   172
 3.2629   164
 3.2654   158
 3.2679   172
 3.2704   142
 3.2729   139
 3.2754   167
 3.2779   180
 3.2804   158
  3.283   139
 3.2855   152
  3.288   151
 3.2905   161
  3.293   161
 3.2955   148
  3.298   143
 3.3005   159
  3.303   162
 3.3055   169
  3.308   146
 3.3105   141
  3.313   156
 3.3155   147
  3.318   155
 3.3205   153
  3.323   145
 3.3255   140
  3.328   156
 3.3305   158
  3.333   165
 3.3355   158
  3.338   152
 3.3405   150
  3.343   153
 3.3455   156
  3.348   159
 3.3505   149
  3.353   153
 3.3555   147
  3.358   141
 3.3605   142
  3.363   161
 3.3655   177
  3.368   147
 3.3705   150
  3.373   162
 3.3755   146
  3.378   138
 3.3805   149
  3.383   152
 3.3855   142
  3.388   140
 3.3905   155
  3.393   167
 3.3955   144
  3.398   126
 3.4005   141
  3.403   154
 3.4055   147
  3.408   152
 3.4105   154
  3.413   148
 3.4155   151
  3.418   140
 3.4205   138
  3.423   151
 3.4255   155
  3.428   158
 3.4305   146
  3.433   136
 3.4355   132
  3.438   130
 3.4405   137
  3.443   138
 3.4455   147
  3.448   144
 3.4505   137
  3.453   149
 3.4555   151
  3.458   154
 3.4605   160
  3.463   154
 3.4655   150
  3.468   156
 3.4705   158
  3.473   151
 3.4755   141
  3.478   150
 3.4805   156
  3.483   146
 3.4855   144
  3.488   151
 3.4905   134
 3.4931   133
 3.4956   139
 3.4981   136
 3.5006   139
 3.5031   142
 3.5056   141
 3.5081   140
 3.5106   145
 3.5131   148
 3.5156   142
 3.5181   138
 3.5206   132
 3.5231   142
 3.5256   150
 3.5281   138
 3.5306   143
 3.5331   131
 3.5356   129
 3.5381   127
 3.5406   128
 3.5431   142
 3.5456   141
 3.5481   126
 3.5506   138
 3.5531   144
 3.5556   125
 3.5581   131
 3.5606   130
 3.5631   127
 3.5656   124
 3.5681   123
 3.5706   146
 3.5731   152
 3.5756   147
 3.5781   139
 3.5806   129
 3.5831   134
 3.5856   126
 3.5881   127
 3.5906   122
 3.5931   138
 3.5956   143
 3.5981   138
 3.6006   140
 3.6031   138
 3.6056   121
 3.6081   138
 3.6106   136
 3.6131   128
 3.6156   133
 3.6181   135
 3.6206   128
 3.6231   135
 3.6256   144
 3.6281   128
 3.6306   128
 3.6331   137
 3.6356   137
 3.6381   133
 3.6406   137
 3.6431   115
 3.6456   128
 3.6481   129
 3.6506   115
 3.6531   126
 3.6556   131
 3.6581   121
 3.6606   138
 3.6631   123
 3.6656   135
 3.6681   158
 3.6706   136
 3.6731   118
 3.6756   128
 3.6781   139
 3.6806   133
 3.6831   122
 3.6856   133
 3.6881   126
 3.6906   129
 3.6931   134
 3.6956   120
 3.6981   140
 3.7007   123
 3.7032   111
 3.7057   120
 3.7082   124
 3.7107   126
 3.7132   135
 3.7157   136
 3.7182   140
 3.7207   140
 3.7232   106
 3.7257   122
 3.7282   135
 3.7307   138
 3.7332   115
 3.7357   126
 3.7382   135
 3.7407   134
 3.7432   128
 3.7457   118
 3.7482   119
 3.7507   130
 3.7532   119
 3.7557   118
 3.7582   118
 3.7607   110
 3.7632   123
 3.7657   128
 3.7682   120
 3.7707   126
 3.7732   126
 3.7757   147
 3.7782   120
 3.7807   100
 3.7832   133
 3.7857   112
 3.7882   123
 3.7907   144
 3.7932   129
 3.7957   121
 3.7982   116
 3.8007   137
 3.8032   115
 3.8057   128
 3.8082   128
 3.8107   118
 3.8132   123
 3.8157   104
 3.8182   135
 3.8207   117
 3.8232   110
 3.8257   130
 3.8282   111
 3.8307   103
 3.8332   112
 3.8357   126
 3.8382   111
 3.8407   114
 3.8432   128
 3.8457   107
 3.8482   130
 3.8507   143
 3.8532   124
 3.8557   135
 3.8582   129
 3.8607   122
 3.8632   117
 3.8657   110
 3.8682   116
 3.8707   116
 3.8732   113
 3.8757   120
 3.8782   120
 3.8807   111
 3.8832   129
 3.8857    99
 3.8882   116
 3.8907   132
 3.8932   126
 3.8957   110
 3.8982    93
 3.9007   118
 3.9032   103
 3.9057   131
 3.9083   122
 3.9108   110
 3.9133   105
 3.9158   134
 3.9183   118
 3.9208   131
 3.9233   118
 3.9258   129
 3.9283   116
 3.9308   119
 3.9333   113
 3.9358   122
 3.9383   118
 3.9408   114
 3.9433   110
 3.9458   108
 3.9483   116
 3.9508   116
 3.9533   112
 3.9558   133
 3.9583   124
 3.9608   114
 3.9633   108
 3.9658    93
 3.9683   119
 3.9708   108
 3.9733   120
 3.9758   118
 3.9783   116
 3.9808   108
 3.9833   117
 3.9858   123
 3.9883   122
 3.9908   116
 3.9933   124
 3.9958   124
 3.9983   114
 4.0008   114
 4.0033   119
 4.0058   115
 4.0083   115
 4.0108   122
 4.0133   128
 4.0158   123
 4.0183   115
 4.0208    98
 4.0233   129
 4.0258   104
 4.0283   117
 4.0308   104
 4.0333   108
 4.0358   120
 4.0383   106
 4.0408   117
 4.0433   100
 4.0458   106
 4.0483   112
 4.0508   111
 4.0533   122
 4.0558   112
 4.0583   112
 4.0608   117
 4.0633   119
 4.0658   125
 4.0683   125
 4.0708   123
 4.0733   118
 4.0758   122
 4.0783   126
 4.0808   130
 4.0833   104
 4.0858   102
 4.0883   119
 4.0908   124
 4.0933   110
 4.0958   116
 4.0983   115
 4.1008   106
 4.1033   120
 4.1058   116
 4.1083    98
 4.1108    98
 4.1133   118
 4.1158   111
 4.1184   122
 4.1209   101
 4.1234   100
 4.1259   122
 4.1284   111
 4.1309   112
 4.1334   109
 4.1359   112
 4.1384    99
 4.1409    93
 4.1434   108
 4.1459   106
 4.1484    91
 4.1509    97
 4.1534    94
 4.1559   101
 4.1584    95
 4.1609   105
 4.1634    93
 4.1659   101
 4.1684   112
 4.1709    96
 4.1734    98
 4.1759   106
 4.1784   105
 4.1809   109
 4.1834   106
 4.1859   110
 4.1884   105
 4.1909    99
 4.1934   103
 4.1959   104
 4.1984   102
 4.2009    97
 4.2034    95
 4.2059    96
 4.2084   101
 4.2109   110
 4.2134    96
 4.2159    88
 4.2184    93
 4.2209   102
 4.2234    89
 4.2259   103
 4.2284   114
 4.2309   125
 4.2334   121
 4.2359   101
 4.2384   103
 4.2409   103
 4.2434   100
 4.2459   107
 4.2484   109
 4.2509   111
 4.2534    94
 4.2559    93
 4.2584   107
 4.2609   106
 4.2634   100
 4.2659    97
 4.2684    87
 4.2709    87
 4.2734   112
 4.2759   106
 4.2784   106
 4.2809    97
 4.2834    88
 4.2859    88
 4.2884    87
 4.2909    98
 4.2934    98
 4.2959   102
 4.2984   116
 4.3009   101
 4.3034    98
 4.3059   101
 4.3084    93
 4.3109   109
 4.3134   112
 4.3159    88
 4.3184    93
 4.3209    97
 4.3234    88
  4.326    87
 4.3285   109
  4.331   111
 4.3335    99
  4.336    95
 4.3385    93
  4.341    96
 4.3435    91
  4.346    89
 4.3485    96
  4.351    95
 4.3535    93
  4.356    96
 4.3585    92
  4.361    86
 4.3635    95
  4.366    92
 4.3685    85
  4.371    90
 4.3735    98
  4.376    94
 4.3785    91
  4.381    99
 4.3835    96
  4.386    88
 4.3885    80
  4.391    88
 4.3935    94
  4.396    93
 4.3985    99
  4.401   101
 4.4035    98
  4.406    99
 4.4085   105
  4.411    97
 4.4135    94
  4.416   105
 4.4185   107
  4.421   103
 4.4235    97
  4.426    93
 4.4285    92
  4.431    82
 4.4335    89
  4.436    93
 4.4385    87
  4.441    87
 4.4435    81
  4.446    90
 4.4485    96
  4.451    81
 4.4535    82
  4.456    95
 4.4585    91
  4.461    87
 4.4635    86
  4.466    86
 4.4685    90
  4.471    92
 4.4735    98
  4.476    97
 4.4785    92
  4.481    87
 4.4835    92
  4.486    90
 4.4885    97
  4.491    97
 4.4935    97
  4.496    98
 4.4985    97
  4.501    88
 4.5035    80
  4.506    78
 4.5085    88
  4.511    82
 4.5135    82
  4.516    92
 4.5185    93
  4.521    90
 4.5235    89
  4.526    85
 4.5285    82
  4.531    79
 4.5336    96
 4.5361   103
 4.5386    91
 4.5411    94
 4.5436    93
 4.5461    92
 4.5486    89
 4.5511    91
 4.5536    95
 4.5561    91
 4.5586    89
 4.5611    84
 4.5636    89
 4.5661    87
 4.5686    87
 4.5711    89
 4.5736    74
 4.5761    76
 4.5786    84
 4.5811    82
 4.5836    80
 4.5861    84
 4.5886    87
 4.5911    85
 4.5936    91
 4.5961    84
 4.5986    82
 4.6011    87
 4.6036   104
 4.6061   100
 4.6086    83
 4.6111    97
 4.6136    92
 4.6161    86
 4.6186    82
 4.6211    83
 4.6236    80
 4.6261    85
 4.6286    92
 4.6311    85
 4.6336    87
 4.6361    77
 4.6386    87
 4.6411    98
 4.6436    72
 4.6461    88
 4.6486    90
 4.6511    78
 4.6536    82
 4.6561    80
 4.6586    81
 4.6611   101
 4.6636    71
 4.6661    64
 4.6686    76
 4.6711    78
 4.6736    76
 4.6761    83
 4.6786    90
 4.6811    69
 4.6836    79
 4.6861    79
 4.6886    73
 4.6911    81
 4.6936    88
 4.6961    82
 4.6986    74
 4.7011    93
 4.7036    82
 4.7061    81
 4.7086    76
 4.7111    84
 4.7136    87
 4.7161    98
 4.7186    74
 4.7211    74
 4.7236    85
 4.7261    78
 4.7286    98
 4.7311    88
 4.7336    87
 4.7361    75
 4.7386    88
 4.7411    93
 4.7437    79
 4.7462    70
 4.7487    85
 4.7512    73
 4.7537    90
 4.7562    82
 4.7587    88
 4.7612    89
 4.7637    88
 4.7662    77
 4.7687    79
 4.7712    71
 4.7737    63
 4.7762    88
 4.7787    90
 4.7812    73
 4.7837    71
 4.7862    82
 4.7887    77
 4.7912    63
 4.7937    73
 4.7962    90
 4.7987    84
 4.8012    79
 4.8037    77
 4.8062    73
 4.8087    77
 4.8112    67
 4.8137    94
 4.8162    69
 4.8187    75
 4.8212    90
 4.8237    84
 4.8262    81
 4.8287    83
 4.8312    78
 4.8337    83
 4.8362    84
 4.8387    82
 4.8412    83
 4.8437    73
 4.8462    80
 4.8487    93
 4.8512    75
 4.8537    69
 4.8562    60
 4.8587    75
 4.8612    76
 4.8637    80
 4.8662    66
 4.8687    77
 4.8712    92
 4.8737    74
 4.8762    57
 4.8787    65
 4.8812    86
 4.8837    70
 4.8862    66
 4.8887    72
 4.8912    79
 4.8937    69
 4.8962    77
 4.8987    65
 4.9012    82
 4.9037    78
 4.9062    83
 4.9087    68
 4.9112    90
 4.9137    65
 4.9162    67
 4.9187    86
 4.9212   101
 4.9237    85
 4.9262    66
 4.9287    61
 4.9312    80
 4.9337    69
 4.9362    77
 4.9387    66
 4.9412    64
 4.9437    79
 4.9462    68
 4.9487    82
 4.9513    67
 4.9538    77
 4.9563    75
 4.9588    77
 4.9613    74
 4.9638    69
 4.9663    65
 4.9688    82
 4.9713    68
 4.9738    75
 4.9763    79
 4.9788    83
 4.9813    61
 4.9838    63
 4.9863    71
 4.9888    68
 4.9913    73
 4.9938    70
 4.9963    74
 4.9988    75
 5.0013    66
 5.0038    68
 5.0063    75
 5.0088    77
 5.0113    73
 5.0138    77
 5.0163    74
 5.0188    80
 5.0213    74
 5.0238    75
 5.0263    59
 5.0288    75
 5.0313    71
 5.0338    65
 5.0363    71
 5.0388    80
 5.0413    62
 5.0438    71
 5.0463    61
 5.0488    73
 5.0513    78
 5.0538    81
 5.0563    74
 5.0588    60
 5.0613    69
 5.0638    77
 5.0663    77
 5.0688    66
 5.0713    59
 5.0738    63
 5.0763    80
 5.0788    58
 5.0813    65
 5.0838    62
 5.0863    77
 5.0888    80
 5.0913    82
 5.0938    78
 5.0963    76
 5.0988    69
 5.1013    65
 5.1038    60
 5.1063    68
 5.1088    60
 5.1113    73
 5.1138    69
 5.1163    70
 5.1188    70
 5.1213    77
 5.1238    66
 5.1263    64
 5.1288    71
 5.1313    82
 5.1338    76
 5.1363    68
 5.1388    62
 5.1413    59
 5.1438    69
 5.1463    69
 5.1488    76
 5.1513    70
 5.1538    61
 5.1563    69
 5.1589    71
 5.1614    72
 5.1639    65
 5.1664    68
 5.1689    76
 5.1714    69
 5.1739    66
 5.1764    67
 5.1789    54
 5.1814    51
 5.1839    60
 5.1864    59
 5.1889    63
 5.1914    59
 5.1939    65
 5.1964    57
 5.1989    62
 5.2014    63
 5.2039    70
 5.2064    71
 5.2089    68
 5.2114    66
 5.2139    60
 5.2164    72
 5.2189    71
 5.2214    68
 5.2239    57
 5.2264    62
 5.2289    68
 5.2314    56
 5.2339    62
 5.2364    72
 5.2389    73
 5.2414    73
 5.2439    67
 5.2464    74
 5.2489    73
 5.2514    62
 5.2539    64
 5.2564    65
 5.2589    72
 5.2614    74
 5.2639    70
 5.2664    66
 5.2689    66
 5.2714    74
 5.2739    65
 5.2764    53
 5.2789    64
 5.2814    67
 5.2839    62
 5.2864    58
 5.2889    52
 5.2914    64
 5.2939    69
 5.2964    64
 5.2989    65
 5.3014    61
 5.3039    53
 5.3064    53
 5.3089    60
 5.3114    63
 5.3139    74
 5.3164    73
 5.3189    67
 5.3214    56
 5.3239    59
 5.3264    64
 5.3289    61
 5.3314    61
 5.3339    62
 5.3364    65
 5.3389    64
 5.3414    70
 5.3439    78
 5.3464    72
 5.3489    63
 5.3514    65
 5.3539    74
 5.3564    66
 5.3589    59
 5.3614    60
 5.3639    58
 5.3664    64
  5.369    60
 5.3715    54
  5.374    56
 5.3765    54
  5.379    62
 5.3815    72
  5.384    73
 5.3865    68
  5.389    62
 5.3915    65
  5.394    63
 5.3965    55
  5.399    61
 5.4015    69
  5.404    65
 5.4065    58
  5.409    56
 5.4115    60
  5.414    66
 5.4165    61
  5.419    62
 5.4215    62
  5.424    56
 5.4265    58
  5.429    52
 5.4315    58
  5.434    70
 5.4365    65
  5.439    58
 5.4415    56
  5.444    58
 5.4465    58
  5.449    63
 5.4515    65
  5.454    58
 5.4565    61
  5.459    67
 5.4615    69
  5.464    53
 5.4665    46
  5.469    56
 5.4715    61
  5.474    56
 5.4765    56
  5.479    53
 5.4815    48
  5.484    51
 5.4865    54
  5.489    51
 5.4915    57
  5.494    60
 5.4965    53
  5.499    55
 5.5015    55
  5.504    52
 5.5065    50
  5.509    57
 5.5115    57
  5.514    57
 5.5165    59
  5.519    51
 5.5215    51
  5.524    57
 5.5265    59
  5.529    61
 5.5315    49
  5.534    53
 5.5365    59
  5.539    59
 5.5415    47
  5.544    44
 5.5465    64
  5.549    67
 5.5515    51
  5.554    48
 5.5565    53
  5.559    53
 5.5615    56
  5.564    47
 5.5665    58
  5.569    58
 5.5715    54
  5.574    53
 5.5766    60
 5.5791    64
 5.5816    62
 5.5841    55
 5.5866    53
 5.5891    40
 5.5916    43
 5.5941    56
 5.5966    52
 5.5991    55
 5.6016    58
 5.6041    60
 5.6066    57
 5.6091    47
 5.6116    58
 5.6141    64
 5.6166    58
 5.6191    62
 5.6216    47
 5.6241    46
 5.6266    49
 5.6291    53
 5.6316    57
 5.6341    63
 5.6366    50
 5.6391    45
 5.6416    56
 5.6441    50
 5.6466    50
 5.6491    53
 5.6516    41
 5.6541    49
 5.6566    62
 5.6591    53
 5.6616    62
 5.6641    59
 5.6666    52
 5.6691    56
 5.6716    61
 5.6741    48
 5.6766    53
 5.6791    60
 5.6816    46
 5.6841    50
 5.6866    49
 5.6891    53
 5.6916    61
 5.6941    59
 5.6966    61
 5.6991    51
 5.7016    52
 5.7041    40
 5.7066    48
 5.7091    43
 5.7116    51
 5.7141    47
 5.7166    59
 5.7191    56
 5.7216    49
 5.7241    47
 5.7266    54
 5.7291    58
 5.7316    46
 5.7341    52
 5.7366    53
 5.7391    44
 5.7416    55
 5.7441    51
 5.7466    55
 5.7491    53
 5.7516    47
 5.7541    50
 5.7566    36
 5.7591    51
 5.7616    49
 5.7641    60
 5.7666    40
 5.7691    52
 5.7716    62
 5.7741    56
 5.7766    45
 5.7791    56
 5.7816    59
 5.7842    60
 5.7867    51
 5.7892    55
 5.7917    53
 5.7942    43
 5.7967    55
 5.7992    53
 5.8017    48
 5.8042    64
 5.8067    61
 5.8092    46
 5.8117    58
 5.8142    50
 5.8167    45
 5.8192    52
 5.8217    48
 5.8242    49
 5.8267    51
 5.8292    46
 5.8317    57
 5.8342    43
 5.8367    41
 5.8392    50
 5.8417    55
 5.8442    43
 5.8467    41
 5.8492    46
 5.8517    46
 5.8542    47
 5.8567    36
 5.8592    45
 5.8617    51
 5.8642    50
 5.8667    40
 5.8692    53
 5.8717    48
 5.8742    50
 5.8767    61
 5.8792    51
 5.8817    41
 5.8842    45
 5.8867    48
 5.8892    51
 5.8917    44
 5.8942    53
 5.8967    44
 5.8992    40
 5.9017    44
 5.9042    42
 5.9067    43
 5.9092    39
 5.9117    57
 5.9142    38
 5.9167    51
 5.9192    42
 5.9217    44
 5.9242    49
 5.9267    36
 5.9292    54
 5.9317    47
 5.9342    46
 5.9367    51
 5.9392    41
 5.9417    50
 5.9442    41
 5.9467    39
 5.9492    41
 5.9517    55
 5.9542    41
 5.9567    37
 5.9592    44
 5.9617    48
 5.9642    41
 5.9667    38
 5.9692    50
 5.9717    52
 5.9742    51
 5.9767    60
 5.9792    41
 5.9817    54
 5.9842    49
 5.9867    40
 5.9892    52
 5.9917    41
 5.9943    48
 5.9968    56
 5.9993    42
 6.0018    39
 6.0043    44
 6.0068    46
 6.0093    55
 6.0118    40
 6.0143    33
 6.0168    54
 6.0193    49
 6.0218    43
 6.0243    48
 6.0268    47
 6.0293    31
 6.0318    54
 6.0343    46
 6.0368    54
 6.0393    44
 6.0418    48
 6.0443    39
 6.0468    44
 6.0493    46
 6.0518    51
 6.0543    58
 6.0568    46
 6.0593    47
 6.0618    40
 6.0643    39
 6.0668    50
 6.0693    42
 6.0718    53
 6.0743    47
 6.0768    41
 6.0793    42
 6.0818    41
 6.0843    37
 6.0868    48
 6.0893    30
 6.0918    46
 6.0943    36
 6.0968    38
 6.0993    33
 6.1018    46
 6.1043    49
 6.1068    40
 6.1093    49
 6.1118    41
 6.1143    49
 6.1168    38
 6.1193    45
 6.1218    33
 6.1243    35
 6.1268    51
 6.1293    43
 6.1318    38
 6.1343    35
 6.1368    48
 6.1393    43
 6.1418    36
 6.1443    39
 6.1468    37
 6.1493    47
 6.1518    41
 6.1543    38
 6.1568    39
 6.1593    42
 6.1618    45
 6.1643    41
 6.1668    42
 6.1693    43
 6.1718    41
 6.1743    43
 6.1768    39
 6.1793    36
 6.1818    49
 6.1843    41
 6.1868    36
 6.1893    36
 6.1918    39
 6.1943    36
 6.1968    45
 6.1993    44
 6.2019    51
 6.2044    45
 6.2069    39
 6.2094    43
 6.2119    40
 6.2144    37
 6.2169    50
 6.2194    47
 6.2219    38
 6.2244    44
 6.2269    37
 6.2294    42
 6.2319    37
 6.2344    46
 6.2369    35
 6.2394    39
 6.2419    38
 6.2444    37
 6.2469    43
 6.2494    35
 6.2519    44
 6.2544    46
 6.2569    32
 6.2594    47
 6.2619    44
 6.2644    40
 6.2669    39
 6.2694    32
 6.2719    44
 6.2744    45
 6.2769    52
 6.2794    36
 6.2819    40
 6.2844    43
 6.2869    32
 6.2894    30
 6.2919    43
 6.2944    51
 6.2969    35
 6.2994    25
 6.3019    43
 6.3044    37
 6.3069    39
 6.3094    37
 6.3119    38
 6.3144    36
 6.3169    46
 6.3194    26
 6.3219    31
 6.3244    42
 6.3269    42
 6.3294    39
 6.3319    44
 6.3344    40
 6.3369    42
 6.3394    43
 6.3419    26
 6.3444    41
 6.3469    40
 6.3494    53
 6.3519    31
 6.3544    35
 6.3569    48
 6.3594    38
 6.3619    51
 6.3644    29
 6.3669    35
 6.3694    43
 6.3719    36
 6.3744    39
 6.3769    30
 6.3794    49
 6.3819    29
 6.3844    45
 6.3869    33
 6.3894    47
 6.3919    32
 6.3944    36
 6.3969    40
 6.3994    45
 6.4019    33
 6.4044    34
 6.4069    41
 6.4095    30
  6.412    36
 6.4145    36
  6.417    34
 6.4195    45
  6.422    41
 6.4245    42
  6.427    35
 6.4295    38
  6.432    33
 6.4345    41
  6.437    37
 6.4395    35
  6.442    39
 6.4445    26
  6.447    33
 6.4495    46
  6.452    36
 6.4545    42
  6.457    29
 6.4595    29
  6.462    43
 6.4645    32
  6.467    42
 6.4695    36
  6.472    36
 6.4745    33
  6.477    36
 6.4795    29
  6.482    48
 6.4845    30
  6.487    28
 6.4895    33
  6.492    42
 6.4945    36
  6.497    31
 6.4995    27
  6.502    36
 6.5045    36
  6.507    41
 6.5095    36
  6.512    37
 6.5145    33
  6.517    29
 6.5195    38
  6.522    38
 6.5245    31
  6.527    39
 6.5295    33
  6.532    31
 6.5345    23
  6.537    28
 6.5395    40
  6.542    46
 6.5445    40
  6.547    27
 6.5495    38
  6.552    32
 6.5545    22
  6.557    42
 6.5595    38
  6.562    34
 6.5645    41
  6.567    35
 6.5695    30
  6.572    36
 6.5745    34
  6.577    36
 6.5795    30
  6.582    35
 6.5845    42
  6.587    33
 6.5895    24
  6.592    35
 6.5945    40
  6.597    41
 6.5995    30
  6.602    29
 6.6045    28
  6.607    34
 6.6095    38
  6.612    17
 6.6145    36
  6.617    39
 6.6196    30
 6.6221    39
 6.6246    29
 6.6271    27
 6.6296    32
 6.6321    32
 6.6346    41
 6.6371    37
 6.6396    30
 6.6421    29
 6.6446    35
 6.6471    34
 6.6496    33
 6.6521    40
 6.6546    28
 6.6571    36
 6.6596    33
 6.6621    28
 6.6646    33
 6.6671    33
 6.6696    30
 6.6721    29
 6.6746    29
 6.6771    39
 6.6796    39
 6.6821    31
 6.6846    31
 6.6871    29
 6.6896    35
 6.6921    32
 6.6946    43
 6.6971    30
 6.6996    44
 6.7021    23
 6.7046    27
 6.7071    31
 6.7096    41
 6.7121    34
 6.7146    31
 6.7171    31
 6.7196    37
 6.7221    33
 6.7246    22
 6.7271    34
 6.7296    28
 6.7321    28
 6.7346    33
 6.7371    36
 6.7396    44
 6.7421    29
 6.7446    25
 6.7471    29
 6.7496    25
 6.7521    32
 6.7546    26
 6.7571    31
 6.7596    34
 6.7621    31
 6.7646    27
 6.7671    38
 6.7696    26
 6.7721    42
 6.7746    38
 6.7771    32
 6.7796    41
 6.7821    36
 6.7846    38
 6.7871    32
 6.7896    33
 6.7921    27
 6.7946    31
 6.7971    24
 6.7996    33
 6.8021    34
 6.8046    23
 6.8071    26
 6.8096    31
 6.8121    28
 6.8146    18
 6.8171    32
 6.8196    43
 6.8221    25
 6.8246    23
 6.8272    25
 6.8297    38
 6.8322    29
 6.8347    40
 6.8372    23
 6.8397    33
 6.8422    23
 6.8447    24
 6.8472    28
 6.8497    30
 6.8522    18
 6.8547    29
 6.8572    18
 6.8597    24
 6.8622    31
 6.8647    29
 6.8672    33
 6.8697    27
 6.8722    28
 6.8747    30
 6.8772    26
 6.8797    23
 6.8822    38
 6.8847    24
 6.8872    26
 6.8897    33
 6.8922    19
 6.8947    24
 6.8972    26
 6.8997    29
 6.9022    28
 6.9047    30
 6.9072    33
 6.9097    24
 6.9122    29
 6.9147    28
 6.9172    32
 6.9197    23
 6.9222    34
 6.9247    35
 6.9272    27
 6.9297    34
 6.9322    18
 6.9347    38
 6.9372    21
 6.9397    31
 6.9422    35
 6.9447    25
 6.9472    35
 6.9497    24
 6.9522    39
 6.9547    32
 6.9572    28
 6.9597    22
 6.9622    28
 6.9647    27
 6.9672    25
 6.9697    28
 6.9722    29
 6.9747    22
 6.9772    25
 6.9797    22
 6.9822    32
 6.9847    26
 6.9872    34
 6.9897    25
 6.9922    25
 6.9947    34
 6.9972    35
 6.9997    23
 7.0022    21
 7.0047    34
 7.0072    25
 7.0097    28
 7.0122    21
 7.0147    28
 7.0172    26
 7.0197    20
 7.0222    25
 7.0247    30
 7.0272    26
 7.0297    23
 7.0322    19
 7.0348    35
 7.0373    21
 7.0398    29
 7.0423    25
 7.0448    25
 7.0473    29
 7.0498    29
 7.0523    21
 7.0548    34
 7.0573    20
 7.0598    26
 7.0623    30
 7.0648    21
 7.0673    19
 7.0698    34
 7.0723    27
 7.0748    29
 7.0773    24
 7.0798    25
 7.0823    40
 7.0848    29
 7.0873    27
 7.0898    32
 7.0923    23
 7.0948    26
 7.0973    25
 7.0998    19
 7.1023    30
 7.1048    23
 7.1073    24
 7.1098    28
 7.1123    23
 7.1148    22
 7.1173    33
 7.1198    31
 7.1223    23
 7.1248    27
 7.1273    34
 7.1298    28
 7.1323    35
 7.1348    29
 7.1373    22
 7.1398    18
 7.1423    25
 7.1448    29
 7.1473    19
 7.1498    30
 7.1523    28
 7.1548    28
 7.1573    33
 7.1598    19
 7.1623    27
 7.1648    22
 7.1673    30
 7.1698    27
 7.1723    21
 7.1748    24
 7.1773    30
 7.1798    28
 7.1823    27
 7.1848    29
 7.1873    25
 7.1898    23
 7.1923    20
 7.1948    26
 7.1973    28
 7.1998    25
 7.2023    25
 7.2048    31
 7.2073    16
 7.2098    28
 7.2123    22
 7.2148    25
 7.2173    32
 7.2198    30
 7.2223    20
 7.2248    25
 7.2273    22
 7.2298    34
 7.2323    25
 7.2348    26
 7.2373    20
 7.2398    18
 7.2423    22
 7.2449    14
 7.2474    20
 7.2499    36
 7.2524    25
 7.2549    24
 7.2574    22
 7.2599    27
 7.2624    21
 7.2649    24
 7.2674    26
 7.2699    17
 7.2724    24
 7.2749    23
 7.2774    25
 7.2799    28
 7.2824    24
 7.2849    19
 7.2874    28
 7.2899    22
 7.2924    18
 7.2949    14
 7.2974    19
 7.2999    19
 7.3024    17
 7.3049    24
 7.3074    24
 7.3099    18
 7.3124    25
 7.3149    18
 7.3174    25
 7.3199    28
 7.3224    20
 7.3249    27
 7.3274    26
 7.3299    23
 7.3324    23
 7.3349    23
 7.3374    25
 7.3399    17
 7.3424    26
 7.3449    28
 7.3474    21
 7.3499    23
 7.3524    21
 7.3549    17
 7.3574    17
 7.3599    18
 7.3624    24
 7.3649    17
 7.3674    11
 7.3699    23
 7.3724    17
 7.3749    29
 7.3774    24
 7.3799    25
 7.3824    17
 7.3849    23
 7.3874    16
 7.3899    21
 7.3924    21
 7.3949    30
 7.3974    18
 7.3999    20
 7.4024    25
 7.4049    22
 7.4074    21
 7.4099    20
 7.4124    17
 7.4149    19
 7.4174    14
 7.4199    20
 7.4224    33
 7.4249    26
 7.4274    16
 7.4299    23
 7.4324    18
 7.4349    26
 7.4374    25
 7.4399    30
 7.4424    20
 7.4449    22
 7.4474    31
 7.4499    27
 7.4525    12
  7.455    24
 7.4575    18
   7.46    18
 7.4625    24
  7.465    24
 7.4675    21
   7.47    16
 7.4725    20
  7.475    11
 7.4775    22
   7.48    21
 7.4825    22
  7.485    21
 7.4875    16
   7.49    20
 7.4925    23
  7.495    19
 7.4975    22
    7.5    27
 7.5025    24
  7.505    17
 7.5075    23
   7.51    23
 7.5125    14
  7.515    24
 7.5175    24
   7.52    29
 7.5225    26
  7.525    22
 7.5275    20
   7.53    21
 7.5325    17
  7.535    20
 7.5375    21
   7.54    15
 7.5425    19
  7.545    21
 7.5475    24
   7.55    26
 7.5525    24
  7.555    26
 7.5575    22
   7.56    18
 7.5625    29
  7.565    24
 7.5675    13
   7.57    22
 7.5725    19
  7.575    15
 7.5775    18
   7.58    24
 7.5825    16
  7.585    20
 7.5875    27
   7.59    20
 7.5925    20
  7.595    15
 7.5975    15
    7.6    22
 7.6025    18
  7.605    27
 7.6075    12
   7.61    20
 7.6125    26
  7.615    16
 7.6175    16
   7.62    19
 7.6225    27
  7.625    27
 7.6275    18
   7.63    23
 7.6325    27
  7.635    17
 7.6375    21
   7.64    20
 7.6425    11
  7.645    22
 7.6475    23
   7.65    19
 7.6525    16
  7.655    32
 7.6575    20
 7.6601    17
 7.6626    19
 7.6651    28
 7.6676    22
 7.6701    19
 7.6726    18
 7.6751    21
 7.6776    23
 7.6801    16
 7.6826    21
 7.6851    14
 7.6876    17
 7.6901    19
 7.6926    14
 7.6951    16
 7.6976    23
 7.7001    22
 7.7026    24
 7.7051    25
 7.7076    17
 7.7101    18
 7.7126    15
 7.7151    22
 7.7176    17
 7.7201    17
 7.7226    25
 7.7251    11
 7.7276    28
 7.7301    10
 7.7326    20
 7.7351    18
 7.7376    20
 7.7401    16
 7.7426    22
 7.7451    13
 7.7476    14
 7.7501    18
 7.7526    21
 7.7551    21
 7.7576    28
 7.7601    18
 7.7626    16
 7.7651    17
 7.7676    27
 7.7701    17
 7.7726    23
 7.7751    16
 7.7776    20
 7.7801    21
 7.7826    14
 7.7851    19
 7.7876    15
 7.7901    19
 7.7926    15
 7.7951    14
 7.7976    11
 7.8001    15
 7.8026    17
 7.8051    17
 7.8076    11
 7.8101    15
 7.8126    15
 7.8151    23
 7.8176    17
 7.8201    14
 7.8226    14
 7.8251     9
 7.8276    19
 7.8301    18
 7.8326    16
 7.8351    19
 7.8376    19
 7.8401    13
 7.8426    23
 7.8451    14
 7.8476     8
 7.8501    20
 7.8526    12
 7.8551    19
 7.8576    15
 7.8601    13
 7.8626    19
 7.8651    15
 7.8676    15
 7.8702    15
 7.8727    15
 7.8752    17
 7.8777    10
 7.8802    18
 7.8827    18
 7.8852    17
 7.8877    16
 7.8902    14
 7.8927    16
 7.8952     7
 7.8977    19
 7.9002    16
 7.9027    13
 7.9052    12
 7.9077    16
 7.9102    26
 7.9127    18
 7.9152    14
 7.9177    16
 7.9202    18
 7.9227    14
 7.9252    13
 7.9277    17
 7.9302    19
 7.9327    10
 7.9352    16
 7.9377    22
 7.9402    12
 7.9427    16
 7.9452    11
 7.9477    18
 7.9502    15
 7.9527    20
 7.9552    12
 7.9577    17
 7.9602    21
 7.9627    13
 7.9652    18
 7.9677    12
 7.9702    14
 7.9727    18
 7.9752    20
 7.9777    13
 7.9802    18
 7.9827    14
 7.9852    14
 7.9877    18
 7.9902    11
 7.9927    14
 7.9952     9
 7.9977    17
 8.0002    16
 8.0027    17
 8.0052    17
 8.0077    17
 8.0102     8
 8.0127    13
 8.0152    24
 8.0177    28
 8.0202    17
 8.0227    16
 8.0252    19
 8.0277     6
 8.0302    11
 8.0327    17
 8.0352    14
 8.0377    11
 8.0402    20
 8.0427    10
 8.0452    16
 8.0477    17
 8.0502    14
 8.0527    19
 8.0552    17
 8.0577    16
 8.0602    17
 8.0627    19
 8.0652    23
 8.0677    16
 8.0702    17
 8.0727    17
 8.0752    13
 8.0778    13
 8.0803    15
 8.0828    14
 8.0853    17
 8.0878     9
 8.0903    17
 8.0928     9
 8.0953    16
 8.0978    16
 8.1003    13
 8.1028    14
 8.1053    16
 8.1078    17
 8.1103     8
 8.1128     8
 8.1153     9
 8.1178    10
 8.1203    13
 8.1228    12
 8.1253    12
 8.1278    18
 8.1303    15
 8.1328    19
 8.1353    14
 8.1378    16
 8.1403    14
 8.1428    12
 8.1453    14
 8.1478    14
 8.1503    12
 8.1528    15
 8.1553    17
 8.1578     8
 8.1603    16
 8.1628    18
 8.1653    10
 8.1678    15
 8.1703     9
 8.1728    16
 8.1753    19
 8.1778    10
 8.1803    19
 8.1828     7
 8.1853    17
 8.1878    10
 8.1903    18
 8.1928    17
 8.1953    17
 8.1978    17
 8.2003     9
 8.2028     9
 8.2053    10
 8.2078    15
 8.2103     9
 8.2128    14
 8.2153    11
 8.2178    12
 8.2203    16
 8.2228    17
 8.2253     9
 8.2278    20
 8.2303    10
 8.2328    13
 8.2353    13
 8.2378    11
 8.2403    18
 8.2428    11
 8.2453    13
 8.2478     8
 8.2503     8
 8.2528     9
 8.2553    12
 8.2578    11
 8.2603    12
 8.2628    14
 8.2653    12
 8.2678    16
 8.2703     8
 8.2728    17
 8.2753    13
 8.2778    12
 8.2803    16
 8.2828    17
 8.2854    12
 8.2879    10
 8.2904    13
 8.2929    11
 8.2954    15
 8.2979    12
 8.3004    11
 8.3029    11
 8.3054    14
 8.3079    12
 8.3104    14
 8.3129    11
 8.3154    10
 8.3179    10
 8.3204     6
 8.3229    10
 8.3254    10
 8.3279    11
 8.3304    20
 8.3329    11
 8.3354     8
 8.3379    10
 8.3404    17
 8.3429     8
 8.3454    11
 8.3479    10
 8.3504    13
 8.3529     6
 8.3554    10
 8.3579     9
 8.3604     9
 8.3629     8
 8.3654    14
 8.3679    12
 8.3704    11
 8.3729    10
 8.3754    15
 8.3779    10
 8.3804     7
 8.3829    13
 8.3854     9
 8.3879    18
 8.3904    18
 8.3929    10
 8.3954    12
 8.3979     9
 8.4004     9
 8.4029     6
 8.4054    11
 8.4079    15
 8.4104     7
 8.4129    11
 8.4154    13
 8.4179    12
 8.4204    14
 8.4229     9
 8.4254     9
 8.4279    12
 8.4304    10
 8.4329    15
 8.4354    12
 8.4379    11
 8.4404     7
 8.4429     9
 8.4454    13
 8.4479     7
 8.4504     4
 8.4529    11
 8.4554    10
 8.4579    10
 8.4604    13
 8.4629    10
 8.4654     4
 8.4679    11
 8.4704    10
 8.4729     8
 8.4754     9
 8.4779     8
 8.4804    10
 8.4829    14
 8.4854    18
 8.4879     8
 8.4904    14
 8.4929    16
 8.4955    14
  8.498     2
 8.5005     9
  8.503    11
 8.5055     6
  8.508     9
 8.5105     7
  8.513    10
 8.5155     6
  8.518    10
 8.5205    12
  8.523    20
 8.5255     6
  8.528     9
 8.5305    10
  8.533    12
 8.5355    13
  8.538    10
 8.5405     9
  8.543    12
 8.5455     6
  8.548     7
 8.5505     8
  8.553     7
 8.5555     8
  8.558     9
 8.5605    16
  8.563    13
 8.5655     7
  8.568    10
 8.5705    12
  8.573    14
 8.5755     7
  8.578    10
 8.5805     5
  8.583    14
 8.5855     6
  8.588    12
 8.5905     8
  8.593    10
 8.5955     6
  8.598     6
 8.6005     4
  8.603     8
 8.6055    11
  8.608    17
 8.6105     7
  8.613    13
 8.6155     6
  8.618     9
 8.6205     7
  8.623     9
 8.6255     8
  8.628     7
 8.6305     4
  8.633     5
 8.6355     5
  8.638     8
 8.6405     6
  8.643     8
 8.6455     8
  8.648    10
 8.6505    10
  8.653     9
 8.6555    12
  8.658    11
 8.6605     8
  8.663     5
 8.6655     9
  8.668    10
 8.6705    10
  8.673    15
 8.6755     9
  8.678    12
 8.6805     6
  8.683    10
 8.6855     6
  8.688     6
 8.6905     8
  8.693    12
 8.6955     9
  8.698    13
 8.7005     7
 8.7031     7
 8.7056     8
 8.7081    12
 8.7106    14
 8.7131     6
 8.7156    10
 8.7181     8
 8.7206     8
 8.7231     9
 8.7256     8
 8.7281     8
 8.7306     7
 8.7331    13
 8.7356     9
 8.7381     7
 8.7406     5
 8.7431    13
 8.7456     8
 8.7481    14
 8.7506     9
 8.7531     7
 8.7556     6
 8.7581     8
 8.7606    13
 8.7631     8
 8.7656     9
 8.7681     9
 8.7706     5
 8.7731     7
 8.7756     9
 8.7781     9
 8.7806    10
 8.7831     6
 8.7856     7
 8.7881    13
 8.7906    10
 8.7931     8
 8.7956     7
 8.7981     6
 8.8006    16
 8.8031    11
 8.8056     7
 8.8081     2
 8.8106     5
 8.8131     7
 8.8156     5
 8.8181     5
 8.8206    13
 8.8231    13
 8.8256     5
 8.8281     1
 8.8306     3
 8.8331    11
 8.8356    10
 8.8381     9
 8.8406    14
 8.8431     4
 8.8456     2
 8.8481     9
 8.8506     4
 8.8531     6
 8.8556     9
 8.8581     3
 8.8606     8
 8.8631     9
 8.8656     9
 8.8681    11
 8.8706     6
 8.8731    11
 8.8756     6
 8.8781     8
 8.8806     8
 8.8831    10
 8.8856     7
 8.8881    10
 8.8906    10
 8.8931     6
 8.8956     4
 8.8981     5
 8.9006    10
 8.9031     5
 8.9056     5
 8.9081     7
 8.9107     5
 8.9132     9
 8.9157     7
 8.9182     6
 8.9207     8
 8.9232     8
 8.9257     3
 8.9282    11
 8.9307     8
 8.9332    10
 8.9357     7
 8.9382     7
 8.9407     7
 8.9432     6
 8.9457     7
 8.9482     8
 8.9507     5
 8.9532     7
 8.9557     8
 8.9582     5
 8.9607     9
 8.9632     5
 8.9657     8
 8.9682    10
 8.9707     6
 8.9732     4
 8.9757     8
 8.9782     3
 8.9807     5
 8.9832     7
 8.9857     5
 8.9882     7
 8.9907     3
 8.9932     6
 8.9957     5
 8.9982     4
 9.0007     6
 9.0032     2
 9.0057     9
 9.0082     6
 9.0107     7
 9.0132     8
 9.0157     4
 9.0182     9
 9.0207     5
 9.0232     2
 9.0257     5
 9.0282     7
 9.0307     7
 9.0332     4
 9.0357    10
 9.0382     5
 9.0407     4
 9.0432     3
 9.0457     4
 9.0482     5
 9.0507     7
 9.0532     6
 9.0557     5
 9.0582     8
 9.0607     5
 9.0632     2
 9.0657     3
 9.0682    11
 9.0707     7
 9.0732     6
 9.0757     4
 9.0782     7
 9.0807     5
 9.0832     6
 9.0857     9
 9.0882     5
 9.0907     4
 9.0932     5
 9.0957     6
 9.0982     5
 9.1007     5
 9.1032     7
 9.1057     5
 9.1082     7
 9.1107     8
 9.1132     4
 9.1157     3
 9.1182     8
 9.1208     7
 9.1233     5
 9.1258     4
 9.1283     8
 9.1308     8
 9.1333     3
 9.1358    10
 9.1383     7
 9.1408     4
 9.1433    12
 9.1458     6
 9.1483     9
 9.1508     5
 9.1533     9
 9.1558     2
 9.1583    13
 9.1608     9
 9.1633     6
 9.1658     4
 9.1683     6
 9.1708     2
 9.1733     7
 9.1758     3
 9.1783     9
 9.1808     4
 9.1833     7
 9.1858     6
 9.1883     5
 9.1908     7
 9.1933     5
 9.1958    10
 9.1983     7
 9.2008     6
 9.2033     5
 9.2058     3
 9.2083     4
 9.2108     6
 9.2133     8
 9.2158     5
 9.2183     5
 9.2208     6
 9.2233     6
 9.2258     4
 9.2283     3
 9.2308     8
 9.2333     6
 9.2358     3
 9.2383     6
 9.2408     3
 9.2433     3
 9.2458     4
 9.2483     2
 9.2508     3
 9.2533     2
 9.2558     6
 9.2583     2
 9.2608     3
 9.2633     3
 9.2658     6
 9.2683     2
 9.2708     4
 9.2733     3
 9.2758     5
 9.2783     5
 9.2808     7
 9.2833     6
 9.2858     5
 9.2883     3
 9.2908     3
 9.2933     3
 9.2958     3
 9.2983     3
 9.3008     8
 9.3033     0
 9.3058     6
 9.3083     6
 9.3108     0
 9.3133     6
 9.3158     3
 9.3183     3
 9.3208     2
 9.3233     5
 9.3258     2
 9.3284     5
 9.3309     6
 9.3334     4
 9.3359     0
 9.3384     5
 9.3409     4
 9.3434     9
 9.3459     3
 9.3484     9
 9.3509     4
 9.3534     2
 9.3559     5
 9.3584     3
 9.3609     6
 9.3634     1
 9.3659     5
 9.3684     4
 9.3709     6
 9.3734     5
 9.3759     4
 9.3784     5
 9.3809     0
 9.3834     3
 9.3859     5
 9.3884     5
 9.3909     5
 9.3934     8
 9.3959     3
 9.3984     4
 9.4009     7
 9.4034     5
 9.4059     3
 9.4084     3
 9.4109     5
 9.4134     5
 9.4159     4
 9.4184     2
 9.4209     2
 9.4234     5
 9.4259     2
 9.4284     3
 9.4309     5
 9.4334     3
 9.4359     3
 9.4384     3
 9.4409     5
 9.4434     3
 9.4459     1
 9.4484     4
 9.4509     4
 9.4534     5
 9.4559     1
 9.4584     1
 9.4609     3
 9.4634     7
 9.4659     5
 9.4684     0
 9.4709     1
 9.4734     1
 9.4759     3
 9.4784     5
 9.4809     3
 9.4834     3
 9.4859     2
 9.4884     3
 9.4909     1
 9.4934     3
 9.4959     2
 9.4984     6
 9.5009     2
 9.5034     3
 9.5059     4
 9.5084     6
 9.5109     3
 9.5134     4
 9.5159     1
 9.5184     3
 9.5209     1
 9.5234     0
 9.5259     2
 9.5284     4
 9.5309     6
 9.5334     2
  9.536     0
 9.5385     2
  9.541     0
 9.5435     3
  9.546     4
 9.5485     1
  9.551     3
 9.5535     1
  9.556     0
 9.5585     2
  9.561     5
 9.5635     1
  9.566     3
 9.5685     2
  9.571     4
 9.5735     3
  9.576     1
 9.5785     3
  9.581     1
 9.5835     2
  9.586     7
 9.5885     2
  9.591     2
 9.5935     4
  9.596     2
 9.5985     1
  9.601     3
 9.6035     1
  9.606     1
 9.6085     4
  9.611     3
 9.6135     2
  9.616     4
 9.6185     0
  9.621     4
 9.6235     1
  9.626     2
 9.6285     0
  9.631     0
 9.6335     0
  9.636     1
 9.6385     1
  9.641     3
 9.6435     1
  9.646     1
 9.6485     2
  9.651     2
 9.6535     0
  9.656     2
 9.6585     1
  9.661     2
 9.6635     2
  9.666     3
 9.6685     0
  9.671     1
 9.6735     3
  9.676     1
 9.6785     2
  9.681     2
 9.6835     2
  9.686     3
 9.6885     4
  9.691     5
 9.6935     1
  9.696     0
 9.6985     1
  9.701     2
 9.7035     1
  9.706     3
 9.7085     1
  9.711     1
 9.7135     1
  9.716     3
 9.7185     2
  9.721     3
 9.7235     1
  9.726     2
 9.7285     0
  9.731     0
 9.7335     3
  9.736     1
 9.7385     2
  9.741     2
 9.7435     1
 9.7461     1
 9.7486     1
 9.7511     2
 9.7536     1
 9.7561     2
 9.7586     2
 9.7611     2
 9.7636     3
 9.7661     1
 9.7686     3
 9.7711     1
 9.7736     0
 9.7761     1
 9.7786     1
 9.7811     3
 9.7836     2
 9.7861     0
 9.7886     2
 9.7911     0
 9.7936     1
 9.7961     1
 9.7986     1
 9.8011     2
 9.8036     0
 9.8061     2
 9.8086     0
 9.8111     0
 9.8136     1
 9.8161     0
 9.8186     2
 9.8211     1
 9.8236     0
 9.8261     2
 9.8286     0
 9.8311     1
 9.8336     2
 9.8361     2
 9.8386     0
 9.8411     3
 9.8436     2
 9.8461     2
 9.8486     0
 9.8511     0
 9.8536     1
 9.8561     0
 9.8586     0
 9.8611     1
 9.8636     0
 9.8661     0
 9.8686     2
 9.8711     0
 9.8736     2
 9.8761     2
 9.8786     0
 9.8811     0
 9.8836     2
 9.8861     0
 9.8886     0
 9.8911     2
 9.8936     1
 9.8961     1
 9.8986     0
 9.9011     0
 9.9036     1
 9.9061     1
 9.9086     2
 9.9111     0
 9.9136     0
 9.9161     1
 9.9186     2
 9.9211     1
 9.9236     0
 9.9261     0
 9.9286     1
 9.9311     0
 9.9336     1
 9.9361     1
 9.9386     0
 9.9411     1
 9.9436     1
 9.9461     0
 9.9486     0
 9.9511     1
 9.9537     1
 9.9562     1
 9.9587     0
 9.9612     1
 9.9637     0
 9.9662     0
 9.9687     2
 9.9712     1
 9.9737     0
 9.9762     1
 9.9787     1
 9.9812     0
 9.9837     0
 9.9862     0
 9.9887     2
 9.9912     1
 9.9937     0
 9.9962     0
 9.9987     0
10.0012     0
10.0037     0
