##TITLE= Parameter file, TOPSPIN		Version 1.5
##JCAMPDX= 5.0
##DATATYPE= Parameter Values
##ORIGIN= Bruker BioSpin GmbH
##OWNER= nmr
$$ 2015-09-21 07:28:27.093 +0200  nmr@MVMVM040
$$ /opt/topspin/data/nmrsu/nmr/shim_7Li_Diff30_5mm/3/pdata/1/clevels
##$LEVELS= (0..255)
-1440312.19539211 -800173.441884506 -444540.801046948 -246967.111692749 
-137203.950940416 -76224.41718912 -42346.8984384 -23526.054688 23526.054688 
42346.8984384 76224.41718912 137203.950940416 246967.111692749 444540.801046948 
800173.441884506 1440312.19539211 0 0 0 0 0 0 0 0 0 0 0 0 0 0 0 0 0 0 
0 0 0 0 0 0 0 0 0 0 0 0 0 0 0 0 0 0 0 0 0 0 0 0 0 0 0 0 0 0 0 0 0 0 0 
0 0 0 0 0 0 0 0 0 0 0 0 0 0 0 0 0 0 0 0 0 0 0 0 0 0 0 0 0 0 0 0 0 0 0 
0 0 0 0 0 0 0 0 0 0 0 0 0 0 0 0 0 0 0 0 0 0 0 0 0 0 0 0 0 0 0 0 0 0 0 
0 0 0 0 0 0 0 0 0 0 0 0 0 0 0 0 0 0 0 0 0 0 0 0 0 0 0 0 0 0 0 0 0 0 0 
0 0 0 0 0 0 0 0 0 0 0 0 0 0 0 0 0 0 0 0 0 0 0 0 0 0 0 0 0 0 0 0 0 0 0 
0 0 0 0 0 0 0 0 0 0 0 0 0 0 0 0 0 0 0 0 0 0 0 0 0 0 0 0 0 0 0 0 0 0 0 
0 0 0 0 0 0 0 0 0 0 0 0
##$LEVSIGN= 3
##$MAXLEV= 8
##$METHOD= 0
##$NEGBASE= -23526.054688
##$NEGINCR= 1.8
##$POSBASE= 23526.054688
##$POSINCR= 1.8
##END=
