97
0.1 0 0
0 0 1
3975.79 1.33517e+11 7572
16.2 0 0
0 0 1
3943.44 1.37436e+11 4003
32.4 0 0
0 0 1
3969.96 1.3141e+11 7359
48.5 0 0
0 0 1
3959.97 1.24683e+11 7758
64.6 0 0
0 0 1
3961.05 1.14696e+11 5462
80.7 0 0
0 0 1
3969 1.04713e+11 6125
96.8 0 0
0 0 1
3991.72 8.77004e+10 5099
113 0 0
0 0 1
3943 7.79706e+10 0
129.1 0 0
0 0 1
3986.22 6.57681e+10 5933
145.2 0 0
0 0 1
3935.07 5.52995e+10 6527
161.3 0 0
0 0 1
3943 4.27989e+10 0
177.4 0 0
0 0 1
3943 3.33803e+10 0
193.6 0 0
0 0 1
3943 2.64344e+10 0
209.7 0 0
0 0 1
3949.21 2.12511e+10 4682
225.8 0 0
0 0 1
3915.94 1.27448e+10 4739
241.9 0 0
0 0 1
3943 1.02296e+10 0
258 0 0
0 0 1
3943 7.3576e+09 0
274.2 0 0
0 0 1
3984.57 6.20083e+09 6659
290.3 0 0
0 0 1
3943 4.10498e+09 0
306.4 0 0
0 0 1
3943 2.17644e+09 0
322.5 0 0
0 0 1
3943 1.07763e+09 0
338.6 0 0
0 0 1
3943 1.25295e+09 0
354.8 0 0
0 0 1
3943 1.6571e+09 0
370.9 0 0
0 0 1
3943 -2.5416e+08 0
387 0 0
0 0 1
3943 5.14821e+08 0
403.1 0 0
0 0 1
3943 2.99108e+08 0
419.2 0 0
0 0 1
3943 2.43605e+08 0
435.4 0 0
0 0 1
3943 6.83978e+08 0
451.5 0 0
0 0 1
3943 5.12856e+08 0
467.6 0 0
0 0 1
3943 -2.74457e+07 0
483.7 0 0
0 0 1
3943 -4.20422e+08 0
499.8 0 0
0 0 1
3943 6.36772e+08 0
-1 0 0
