97
0.1 0 0
0 0 1
3975.79 2.2841e+08 7572
16.2 0 0
0 0 1
3943.44 2.364e+08 4003
32.4 0 0
0 0 1
3969.96 2.16356e+08 7359
48.5 0 0
0 0 1
3959.97 2.06954e+08 7758
64.6 0 0
0 0 1
3961.05 1.87192e+08 5462
80.7 0 0
0 0 1
3969 1.7305e+08 6125
96.8 0 0
0 0 1
3991.72 1.46678e+08 5099
113 0 0
0 0 1
3943 0 0
129.1 0 0
0 0 1
3986.22 1.10861e+08 5933
145.2 0 0
0 0 1
3935.07 9.33562e+07 6527
161.3 0 0
0 0 1
3943 0 0
177.4 0 0
0 0 1
3943 0 0
193.6 0 0
0 0 1
3943 0 0
209.7 0 0
0 0 1
3949.21 3.5492e+07 4682
225.8 0 0
0 0 1
3915.94 2.31439e+07 4739
241.9 0 0
0 0 1
3943 0 0
258 0 0
0 0 1
3943 0 0
274.2 0 0
0 0 1
3984.57 1.26429e+07 6659
290.3 0 0
0 0 1
3943 0 0
306.4 0 0
0 0 1
3943 0 0
322.5 0 0
0 0 1
3943 0 0
338.6 0 0
0 0 1
3943 0 0
354.8 0 0
0 0 1
3943 0 0
370.9 0 0
0 0 1
3943 0 0
387 0 0
0 0 1
3943 0 0
403.1 0 0
0 0 1
3943 0 0
419.2 0 0
0 0 1
3943 0 0
435.4 0 0
0 0 1
3943 0 0
451.5 0 0
0 0 1
3943 0 0
467.6 0 0
0 0 1
3943 0 0
483.7 0 0
0 0 1
3943 0 0
499.8 0 0
0 0 1
3943 0 0
-1 0 0
