Bruker Nano GmbH Berlin, Germany
Esprit 1.9

Datum: 11.09.2015 19:25:07
Real-Zeit: 178904
Life-Zeit: 155414
Impulsdichte: 26495

Primärenergie: 10
Abnahmewinkel: 35
Kippungwinkel: 0
Azimutwinkel: 45

Detektor-Typ: XFlash 6|30
Fenster-Typ: slew AP3.3
Detektordicke: 0.45
Si-Totschicht:0.029

Kalibrierung, lin.: 2.501
Kalibrierung, abs.: -238.74
Mn-FWHM: 123.24
Fano-Faktor: 0.106
Kanäle: 4096

Energie Impulse
-0.2387     0
-0.2362     0
-0.2337     0
-0.2312     0
-0.2287     0
-0.2262     0
-0.2237     0
-0.2212     0
-0.2187     0
-0.2162     0
-0.2137     0
-0.2112     0
-0.2087     0
-0.2062     0
-0.2037     0
-0.2012     0
-0.1987     0
-0.1962     0
-0.1937     0
-0.1912     0
-0.1887     0
-0.1862     0
-0.1837     0
-0.1812     0
-0.1787     0
-0.1762     0
-0.1737     0
-0.1712     0
-0.1687     0
-0.1662     0
-0.1637     0
-0.1612     0
-0.1587     0
-0.1562     0
-0.1537     0
-0.1512     0
-0.1487     0
-0.1462     0
-0.1437     0
-0.1412     0
-0.1387     0
-0.1362     0
-0.1337     0
-0.1312     0
-0.1287     0
-0.1262     0
-0.1237     0
-0.1212     0
-0.1187     0
-0.1162     0
-0.1137     0
-0.1112     0
-0.1087     0
-0.1062     0
-0.1037     1
-0.1012     0
-0.0987     1
-0.0962     1
-0.0937     0
-0.0912     0
-0.0887     1
-0.0862     0
-0.0837     1
-0.0812     2
-0.0787     3
-0.0762     4
-0.0737     9
-0.0712     7
-0.0687    15
-0.0662    38
-0.0637    78
-0.0612   109
-0.0587   167
-0.0562   270
-0.0537   407
-0.0511   637
-0.0486   969
-0.0461  1428
-0.0436  1993
-0.0411  2863
-0.0386  4049
-0.0361  5539
-0.0336  7232
-0.0311  9342
-0.0286 11871
-0.0261 14737
-0.0236 18223
-0.0211 21772
-0.0186 25642
-0.0161 29562
-0.0136 33424
-0.0111 36506
-0.0086 39375
-0.0061 42182
-0.0036 43733
-0.0011 44849
 0.0014 44655
 0.0039 43342
 0.0064 41776
 0.0089 39691
 0.0114 36148
 0.0139 32621
 0.0164 29033
 0.0189 25044
 0.0214 21444
 0.0239 17700
 0.0264 14529
 0.0289 11873
 0.0314  9388
 0.0339  7218
 0.0364  5478
 0.0389  4086
 0.0414  2934
 0.0439  2210
 0.0464  1645
 0.0489  1116
 0.0514   758
 0.0539   553
 0.0564   358
 0.0589   276
 0.0614   174
 0.0639   117
 0.0664    85
 0.0689    60
 0.0714    48
 0.0739    37
 0.0764    36
 0.0789    28
 0.0814     0
 0.0839     0
 0.0864     0
 0.0889     0
 0.0914     0
 0.0939     0
 0.0964     0
 0.0989   241
 0.1014   242
 0.1039   198
 0.1064   134
 0.1089    88
 0.1114    67
 0.1139    53
 0.1164    49
 0.1189    26
 0.1214     0
 0.1239     0
 0.1264     0
 0.1289     0
 0.1314     0
 0.1339     0
 0.1364     0
 0.1389     0
 0.1414     0
 0.1439     0
 0.1464     0
 0.1489     5
 0.1514    35
 0.1539    18
 0.1565    32
  0.159    41
 0.1615    43
  0.164    82
 0.1665    65
  0.169    88
 0.1715   123
  0.174   125
 0.1765   164
  0.179   180
 0.1815   216
  0.184   260
 0.1865   340
  0.189   410
 0.1915   483
  0.194   582
 0.1965   678
  0.199   809
 0.2015   976
  0.204  1104
 0.2065  1358
  0.209  1655
 0.2115  2064
  0.214  2525
 0.2165  3082
  0.219  3742
 0.2215  4626
  0.224  5640
 0.2265  6956
  0.229  8560
 0.2315 10552
  0.234 12853
 0.2365 15511
  0.239 18506
 0.2415 21856
  0.244 25714
 0.2465 29993
  0.249 34628
 0.2515 39538
  0.254 44595
 0.2565 49658
  0.259 54764
 0.2615 59705
  0.264 64174
 0.2665 68209
  0.269 71766
 0.2715 74599
  0.274 76628
 0.2765 77555
  0.279 77409
 0.2815 76489
  0.284 74488
 0.2865 71686
  0.289 68083
 0.2915 63914
  0.294 59294
 0.2965 54296
  0.299 49141
 0.3015 43894
  0.304 38647
 0.3065 33406
  0.309 28571
 0.3115 24216
  0.314 20134
 0.3165 16498
  0.319 13508
 0.3215 11009
  0.324  8737
 0.3265  6919
  0.329  5394
 0.3315  4154
  0.334  3268
 0.3365  2534
  0.339  1979
 0.3415  1576
  0.344  1262
 0.3465  1032
  0.349   894
 0.3515   829
  0.354   759
 0.3565   708
  0.359   720
 0.3615   705
  0.364   727
 0.3666   746
 0.3691   786
 0.3716   800
 0.3741   847
 0.3766   887
 0.3791   936
 0.3816   933
 0.3841  1019
 0.3866  1039
 0.3891  1114
 0.3916  1125
 0.3941  1091
 0.3966  1141
 0.3991  1138
 0.4016  1175
 0.4041  1201
 0.4066  1210
 0.4091  1246
 0.4116  1220
 0.4141  1222
 0.4166  1218
 0.4191  1224
 0.4216  1227
 0.4241  1240
 0.4266  1282
 0.4291  1294
 0.4316  1324
 0.4341  1358
 0.4366  1409
 0.4391  1490
 0.4416  1490
 0.4441  1515
 0.4466  1565
 0.4491  1605
 0.4516  1653
 0.4541  1682
 0.4566  1731
 0.4591  1781
 0.4616  1814
 0.4641  1907
 0.4666  1970
 0.4691  2104
 0.4716  2272
 0.4741  2391
 0.4766  2566
 0.4791  2868
 0.4816  3223
 0.4841  3582
 0.4866  3932
 0.4891  4291
 0.4916  4855
 0.4941  5384
 0.4966  5896
 0.4991  6468
 0.5016  7074
 0.5041  7799
 0.5066  8347
 0.5091  8981
 0.5116  9667
 0.5141 10189
 0.5166 10647
 0.5191 10989
 0.5216 11178
 0.5241 11212
 0.5266 11374
 0.5291 11146
 0.5316 11142
 0.5341 10807
 0.5366 10306
 0.5391  9941
 0.5416  9220
 0.5441  8632
 0.5466  8056
 0.5491  7301
 0.5516  6646
 0.5541  5955
 0.5566  5260
 0.5591  4601
 0.5616  4095
 0.5641  3545
 0.5666  3089
 0.5691  2600
 0.5716  2284
 0.5742  1917
 0.5767  1648
 0.5792  1447
 0.5817  1275
 0.5842  1069
 0.5867   936
 0.5892   874
 0.5917   834
 0.5942   717
 0.5967   685
 0.5992   666
 0.6017   689
 0.6042   655
 0.6067   658
 0.6092   625
 0.6117   636
 0.6142   691
 0.6167   665
 0.6192   687
 0.6217   736
 0.6242   821
 0.6267   894
 0.6292   966
 0.6317  1015
 0.6342  1075
 0.6367  1139
 0.6392  1186
 0.6417  1349
 0.6442  1389
 0.6467  1565
 0.6492  1699
 0.6517  1820
 0.6542  1908
 0.6567  2070
 0.6592  2133
 0.6617  2302
 0.6642  2484
 0.6667  2459
 0.6692  2556
 0.6717  2646
 0.6742  2654
 0.6767  2771
 0.6792  2725
 0.6817  2810
 0.6842  2722
 0.6867  2614
 0.6892  2740
 0.6917  2560
 0.6942  2489
 0.6967  2369
 0.6992  2301
 0.7017  2221
 0.7042  2053
 0.7067  1914
 0.7092  1780
 0.7117  1633
 0.7142  1604
 0.7167  1545
 0.7192  1399
 0.7217  1272
 0.7242  1207
 0.7267  1105
 0.7292  1104
 0.7317   991
 0.7342   933
 0.7367   903
 0.7392   948
 0.7417   811
 0.7442   873
 0.7467   796
 0.7492   806
 0.7517   809
 0.7542   812
 0.7567   791
 0.7592   789
 0.7617   815
 0.7642   795
 0.7667   820
 0.7692   866
 0.7717   842
 0.7742   822
 0.7767   793
 0.7792   774
 0.7818   815
 0.7843   798
 0.7868   797
 0.7893   874
 0.7918   830
 0.7943   817
 0.7968   820
 0.7993   850
 0.8018   898
 0.8043   833
 0.8068   806
 0.8093   741
 0.8118   856
 0.8143   860
 0.8168   801
 0.8193   862
 0.8218   813
 0.8243   833
 0.8268   812
 0.8293   791
 0.8318   835
 0.8343   827
 0.8368   802
 0.8393   799
 0.8418   819
 0.8443   829
 0.8468   877
 0.8493   809
 0.8518   809
 0.8543   876
 0.8568   865
 0.8593   877
 0.8618   870
 0.8643   736
 0.8668   842
 0.8693   839
 0.8718   868
 0.8743   814
 0.8768   840
 0.8793   807
 0.8818   830
 0.8843   816
 0.8868   892
 0.8893   909
 0.8918   926
 0.8943   898
 0.8968   880
 0.8993   913
 0.9018   982
 0.9043   998
 0.9068   943
 0.9093   967
 0.9118   987
 0.9143   996
 0.9168  1036
 0.9193  1007
 0.9218  1029
 0.9243  1044
 0.9268  1048
 0.9293  1049
 0.9318  1051
 0.9343  1045
 0.9368  1069
 0.9393  1065
 0.9418  1054
 0.9443  1052
 0.9468  1055
 0.9493  1102
 0.9518  1041
 0.9543  1047
 0.9568  1034
 0.9593   983
 0.9618   940
 0.9643   995
 0.9668   998
 0.9693  1003
 0.9718   974
 0.9743   982
 0.9768   947
 0.9793   975
 0.9818   930
 0.9843   950
 0.9868   954
 0.9893   877
 0.9919   889
 0.9944   962
 0.9969   904
 0.9994   915
 1.0019   906
 1.0044   880
 1.0069   878
 1.0094   914
 1.0119   921
 1.0144   930
 1.0169   880
 1.0194   857
 1.0219   933
 1.0244   935
 1.0269   878
 1.0294   916
 1.0319   891
 1.0344   887
 1.0369   834
 1.0394   912
 1.0419   881
 1.0444   909
 1.0469   918
 1.0494   934
 1.0519   882
 1.0544   927
 1.0569   980
 1.0594   869
 1.0619   935
 1.0644   949
 1.0669   884
 1.0694   928
 1.0719   944
 1.0744   912
 1.0769   907
 1.0794   925
 1.0819   880
 1.0844   896
 1.0869   947
 1.0894   892
 1.0919   924
 1.0944   960
 1.0969   887
 1.0994   937
 1.1019   881
 1.1044   919
 1.1069   867
 1.1094   855
 1.1119   911
 1.1144   918
 1.1169   934
 1.1194   908
 1.1219   922
 1.1244   904
 1.1269   897
 1.1294   881
 1.1319   908
 1.1344   851
 1.1369   921
 1.1394   885
 1.1419   912
 1.1444   911
 1.1469   906
 1.1494   931
 1.1519   971
 1.1544   941
 1.1569   918
 1.1594   907
 1.1619   935
 1.1644   945
 1.1669   900
 1.1694   904
 1.1719   949
 1.1744   932
 1.1769   825
 1.1794   927
 1.1819   898
 1.1844   913
 1.1869   954
 1.1894   944
 1.1919   900
 1.1944   932
 1.1969   892
 1.1995   943
  1.202   939
 1.2045   933
  1.207   932
 1.2095   970
  1.212  1000
 1.2145   959
  1.217   958
 1.2195   958
  1.222   969
 1.2245   942
  1.227   941
 1.2295   932
  1.232   982
 1.2345   938
  1.237   955
 1.2395   964
  1.242   987
 1.2445   982
  1.247  1003
 1.2495   984
  1.252   918
 1.2545   968
  1.257   944
 1.2595   929
  1.262   934
 1.2645   996
  1.267  1007
 1.2695   976
  1.272   995
 1.2745   946
  1.277  1004
 1.2795  1049
  1.282   983
 1.2845   974
  1.287  1007
 1.2895   930
  1.292   993
 1.2945   974
  1.297   992
 1.2995  1000
  1.302  1020
 1.3045   985
  1.307  1032
 1.3095  1035
  1.312  1046
 1.3145   977
  1.317   969
 1.3195   982
  1.322   971
 1.3245   963
  1.327   991
 1.3295  1026
  1.332  1009
 1.3345  1005
  1.337  1001
 1.3395  1012
  1.342  1036
 1.3445  1000
  1.347   985
 1.3495   994
  1.352   973
 1.3545   999
  1.357  1008
 1.3595  1040
  1.362  1055
 1.3645  1062
  1.367  1032
 1.3695  1050
  1.372  1077
 1.3745  1101
  1.377  1068
 1.3795  1062
  1.382  1101
 1.3845  1128
  1.387  1159
 1.3895  1217
  1.392  1246
 1.3945  1253
  1.397  1306
 1.3995  1370
  1.402  1505
 1.4045  1669
 1.4071  1819
 1.4096  1989
 1.4121  2279
 1.4146  2570
 1.4171  2941
 1.4196  3280
 1.4221  3690
 1.4246  4154
 1.4271  4690
 1.4296  5356
 1.4321  6120
 1.4346  6911
 1.4371  7755
 1.4396  8776
 1.4421  9912
 1.4446 11008
 1.4471 12129
 1.4496 13365
 1.4521 14854
 1.4546 16253
 1.4571 17591
 1.4596 18971
 1.4621 20376
 1.4646 21761
 1.4671 23225
 1.4696 24555
 1.4721 25591
 1.4746 26621
 1.4771 27595
 1.4796 28528
 1.4821 29219
 1.4846 29601
 1.4871 29736
 1.4896 29954
 1.4921 29757
 1.4946 29314
 1.4971 28974
 1.4996 28478
 1.5021 27620
 1.5046 26590
 1.5071 25409
 1.5096 24184
 1.5121 23184
 1.5146 22029
 1.5171 20742
 1.5196 19261
 1.5221 17739
 1.5246 16429
 1.5271 15049
 1.5296 13758
 1.5321 12405
 1.5346 11103
 1.5371 10147
 1.5396  9228
 1.5421  8250
 1.5446  7374
 1.5471  6635
 1.5496  5968
 1.5521  5269
 1.5546  4732
 1.5571  4277
 1.5596  3770
 1.5621  3333
 1.5646  3028
 1.5671  2763
 1.5696  2503
 1.5721  2276
 1.5746  2073
 1.5771  1902
 1.5796  1770
 1.5821  1681
 1.5846  1558
 1.5871  1446
 1.5896  1376
 1.5921  1352
 1.5946  1243
 1.5971  1145
 1.5996  1091
 1.6021  1051
 1.6046  1036
 1.6071   993
 1.6096   944
 1.6121   901
 1.6146   883
 1.6172   875
 1.6197   804
 1.6222   785
 1.6247   768
 1.6272   786
 1.6297   805
 1.6322   773
 1.6347   741
 1.6372   712
 1.6397   736
 1.6422   738
 1.6447   710
 1.6472   707
 1.6497   704
 1.6522   698
 1.6547   709
 1.6572   661
 1.6597   666
 1.6622   676
 1.6647   679
 1.6672   680
 1.6697   690
 1.6722   700
 1.6747   692
 1.6772   711
 1.6797   699
 1.6822   665
 1.6847   678
 1.6872   727
 1.6897   760
 1.6922   729
 1.6947   709
 1.6972   754
 1.6997   785
 1.7022   829
 1.7047   804
 1.7072   792
 1.7097   816
 1.7122   822
 1.7147   840
 1.7172   817
 1.7197   839
 1.7222   869
 1.7247   887
 1.7272   909
 1.7297   877
 1.7322   901
 1.7347   897
 1.7372   921
 1.7397   937
 1.7422   906
 1.7447   916
 1.7472   939
 1.7497   927
 1.7522   905
 1.7547   917
 1.7572   929
 1.7597   832
 1.7622   872
 1.7647   867
 1.7672   840
 1.7697   800
 1.7722   808
 1.7747   819
 1.7772   816
 1.7797   785
 1.7822   772
 1.7847   795
 1.7872   754
 1.7897   717
 1.7922   733
 1.7947   724
 1.7972   717
 1.7997   738
 1.8022   690
 1.8047   630
 1.8072   649
 1.8097   633
 1.8122   647
 1.8147   650
 1.8172   625
 1.8197   615
 1.8222   613
 1.8248   593
 1.8273   565
 1.8298   590
 1.8323   601
 1.8348   610
 1.8373   596
 1.8398   601
 1.8423   602
 1.8448   610
 1.8473   602
 1.8498   611
 1.8523   580
 1.8548   575
 1.8573   572
 1.8598   550
 1.8623   576
 1.8648   562
 1.8673   611
 1.8698   579
 1.8723   554
 1.8748   600
 1.8773   545
 1.8798   583
 1.8823   567
 1.8848   576
 1.8873   591
 1.8898   547
 1.8923   560
 1.8948   586
 1.8973   528
 1.8998   527
 1.9023   590
 1.9048   571
 1.9073   542
 1.9098   598
 1.9123   528
 1.9148   584
 1.9173   587
 1.9198   562
 1.9223   541
 1.9248   536
 1.9273   559
 1.9298   538
 1.9323   564
 1.9348   548
 1.9373   562
 1.9398   562
 1.9423   563
 1.9448   575
 1.9473   573
 1.9498   533
 1.9523   514
 1.9548   585
 1.9573   586
 1.9598   552
 1.9623   564
 1.9648   522
 1.9673   568
 1.9698   583
 1.9723   577
 1.9748   559
 1.9773   559
 1.9798   560
 1.9823   556
 1.9848   537
 1.9873   552
 1.9898   544
 1.9923   593
 1.9948   603
 1.9973   554
 1.9998   560
 2.0023   584
 2.0048   573
 2.0073   531
 2.0098   540
 2.0123   604
 2.0148   539
 2.0173   606
 2.0198   591
 2.0223   579
 2.0248   575
 2.0273   600
 2.0298   592
 2.0324   575
 2.0349   566
 2.0374   576
 2.0399   574
 2.0424   604
 2.0449   542
 2.0474   528
 2.0499   546
 2.0524   536
 2.0549   559
 2.0574   573
 2.0599   553
 2.0624   548
 2.0649   576
 2.0674   538
 2.0699   529
 2.0724   559
 2.0749   611
 2.0774   563
 2.0799   532
 2.0824   510
 2.0849   570
 2.0874   578
 2.0899   529
 2.0924   525
 2.0949   535
 2.0974   513
 2.0999   565
 2.1024   560
 2.1049   534
 2.1074   555
 2.1099   593
 2.1124   583
 2.1149   555
 2.1174   571
 2.1199   557
 2.1224   559
 2.1249   546
 2.1274   556
 2.1299   558
 2.1324   558
 2.1349   529
 2.1374   560
 2.1399   547
 2.1424   548
 2.1449   533
 2.1474   518
 2.1499   549
 2.1524   543
 2.1549   541
 2.1574   527
 2.1599   539
 2.1624   529
 2.1649   557
 2.1674   533
 2.1699   518
 2.1724   506
 2.1749   504
 2.1774   553
 2.1799   531
 2.1824   505
 2.1849   517
 2.1874   500
 2.1899   513
 2.1924   543
 2.1949   550
 2.1974   537
 2.1999   537
 2.2024   509
 2.2049   504
 2.2074   552
 2.2099   519
 2.2124   519
 2.2149   528
 2.2174   491
 2.2199   524
 2.2224   493
 2.2249   492
 2.2274   515
 2.2299   501
 2.2324   483
 2.2349   478
 2.2374   519
 2.2399   513
 2.2425   509
  2.245   519
 2.2475   513
   2.25   491
 2.2525   471
  2.255   487
 2.2575   487
   2.26   479
 2.2625   493
  2.265   520
 2.2675   507
   2.27   496
 2.2725   513
  2.275   515
 2.2775   509
   2.28   503
 2.2825   486
  2.285   504
 2.2875   500
   2.29   506
 2.2925   515
  2.295   491
 2.2975   480
    2.3   516
 2.3025   515
  2.305   518
 2.3075   515
   2.31   478
 2.3125   493
  2.315   508
 2.3175   488
   2.32   477
 2.3225   461
  2.325   477
 2.3275   485
   2.33   475
 2.3325   490
  2.335   497
 2.3375   471
   2.34   465
 2.3425   488
  2.345   469
 2.3475   464
   2.35   474
 2.3525   479
  2.355   490
 2.3575   496
   2.36   499
 2.3625   474
  2.365   452
 2.3675   452
   2.37   455
 2.3725   460
  2.375   466
 2.3775   461
   2.38   443
 2.3825   442
  2.385   452
 2.3875   469
   2.39   460
 2.3925   439
  2.395   420
 2.3975   428
    2.4   420
 2.4025   419
  2.405   452
 2.4075   440
   2.41   428
 2.4125   430
  2.415   441
 2.4175   443
   2.42   435
 2.4225   470
  2.425   483
 2.4275   455
   2.43   436
 2.4325   400
  2.435   400
 2.4375   429
   2.44   430
 2.4425   429
  2.445   432
 2.4475   437
 2.4501   458
 2.4526   441
 2.4551   425
 2.4576   416
 2.4601   423
 2.4626   445
 2.4651   449
 2.4676   429
 2.4701   411
 2.4726   467
 2.4751   442
 2.4776   432
 2.4801   436
 2.4826   423
 2.4851   444
 2.4876   437
 2.4901   427
 2.4926   432
 2.4951   443
 2.4976   443
 2.5001   429
 2.5026   402
 2.5051   402
 2.5076   420
 2.5101   424
 2.5126   444
 2.5151   417
 2.5176   396
 2.5201   419
 2.5226   445
 2.5251   422
 2.5276   410
 2.5301   418
 2.5326   383
 2.5351   405
 2.5376   423
 2.5401   400
 2.5426   392
 2.5451   402
 2.5476   412
 2.5501   420
 2.5526   421
 2.5551   405
 2.5576   399
 2.5601   415
 2.5626   389
 2.5651   398
 2.5676   427
 2.5701   432
 2.5726   424
 2.5751   409
 2.5776   415
 2.5801   398
 2.5826   425
 2.5851   386
 2.5876   410
 2.5901   367
 2.5926   417
 2.5951   391
 2.5976   403
 2.6001   392
 2.6026   391
 2.6051   408
 2.6076   419
 2.6101   407
 2.6126   432
 2.6151   401
 2.6176   408
 2.6201   437
 2.6226   434
 2.6251   432
 2.6276   399
 2.6301   410
 2.6326   387
 2.6351   379
 2.6376   402
 2.6401   394
 2.6426   366
 2.6451   411
 2.6476   418
 2.6501   408
 2.6526   416
 2.6551   405
 2.6577   371
 2.6602   361
 2.6627   395
 2.6652   412
 2.6677   391
 2.6702   416
 2.6727   385
 2.6752   394
 2.6777   379
 2.6802   388
 2.6827   351
 2.6852   367
 2.6877   376
 2.6902   366
 2.6927   386
 2.6952   397
 2.6977   383
 2.7002   386
 2.7027   391
 2.7052   385
 2.7077   400
 2.7102   395
 2.7127   426
 2.7152   379
 2.7177   376
 2.7202   408
 2.7227   359
 2.7252   371
 2.7277   386
 2.7302   346
 2.7327   368
 2.7352   351
 2.7377   388
 2.7402   383
 2.7427   401
 2.7452   390
 2.7477   349
 2.7502   375
 2.7527   378
 2.7552   401
 2.7577   352
 2.7602   378
 2.7627   398
 2.7652   389
 2.7677   397
 2.7702   396
 2.7727   395
 2.7752   400
 2.7777   382
 2.7802   357
 2.7827   370
 2.7852   364
 2.7877   349
 2.7902   367
 2.7927   382
 2.7952   369
 2.7977   337
 2.8002   380
 2.8027   380
 2.8052   348
 2.8077   342
 2.8102   333
 2.8127   367
 2.8152   349
 2.8177   352
 2.8202   346
 2.8227   347
 2.8252   348
 2.8277   354
 2.8302   356
 2.8327   365
 2.8352   373
 2.8377   355
 2.8402   399
 2.8427   355
 2.8452   363
 2.8477   349
 2.8502   340
 2.8527   373
 2.8552   357
 2.8577   361
 2.8602   382
 2.8627   373
 2.8652   360
 2.8678   373
 2.8703   374
 2.8728   354
 2.8753   381
 2.8778   370
 2.8803   358
 2.8828   360
 2.8853   351
 2.8878   368
 2.8903   327
 2.8928   362
 2.8953   339
 2.8978   351
 2.9003   354
 2.9028   352
 2.9053   366
 2.9078   370
 2.9103   390
 2.9128   395
 2.9153   352
 2.9178   376
 2.9203   404
 2.9228   376
 2.9253   404
 2.9278   399
 2.9303   431
 2.9328   395
 2.9353   380
 2.9378   402
 2.9403   407
 2.9428   427
 2.9453   419
 2.9478   399
 2.9503   426
 2.9528   417
 2.9553   403
 2.9578   427
 2.9603   442
 2.9628   420
 2.9653   405
 2.9678   415
 2.9703   438
 2.9728   444
 2.9753   458
 2.9778   430
 2.9803   426
 2.9828   426
 2.9853   438
 2.9878   447
 2.9903   403
 2.9928   394
 2.9953   396
 2.9978   415
 3.0003   393
 3.0028   382
 3.0053   384
 3.0078   396
 3.0103   411
 3.0128   386
 3.0153   367
 3.0178   342
 3.0203   373
 3.0228   369
 3.0253   370
 3.0278   365
 3.0303   362
 3.0328   381
 3.0353   353
 3.0378   354
 3.0403   344
 3.0428   320
 3.0453   369
 3.0478   341
 3.0503   323
 3.0528   326
 3.0553   339
 3.0578   341
 3.0603   343
 3.0628   347
 3.0653   315
 3.0678   324
 3.0703   344
 3.0728   335
 3.0754   299
 3.0779   292
 3.0804   306
 3.0829   312
 3.0854   309
 3.0879   323
 3.0904   316
 3.0929   333
 3.0954   326
 3.0979   322
 3.1004   327
 3.1029   317
 3.1054   303
 3.1079   304
 3.1104   303
 3.1129   314
 3.1154   319
 3.1179   329
 3.1204   316
 3.1229   314
 3.1254   323
 3.1279   307
 3.1304   304
 3.1329   286
 3.1354   287
 3.1379   306
 3.1404   289
 3.1429   306
 3.1454   330
 3.1479   309
 3.1504   295
 3.1529   303
 3.1554   320
 3.1579   318
 3.1604   295
 3.1629   290
 3.1654   305
 3.1679   291
 3.1704   291
 3.1729   290
 3.1754   291
 3.1779   308
 3.1804   302
 3.1829   299
 3.1854   308
 3.1879   309
 3.1904   301
 3.1929   287
 3.1954   297
 3.1979   303
 3.2004   287
 3.2029   301
 3.2054   327
 3.2079   323
 3.2104   317
 3.2129   311
 3.2154   289
 3.2179   281
 3.2204   296
 3.2229   298
 3.2254   283
 3.2279   287
 3.2304   312
 3.2329   313
 3.2354   309
 3.2379   293
 3.2404   279
 3.2429   274
 3.2454   290
 3.2479   301
 3.2504   282
 3.2529   277
 3.2554   291
 3.2579   302
 3.2604   315
 3.2629   307
 3.2654   286
 3.2679   285
 3.2704   300
 3.2729   290
 3.2754   290
 3.2779   262
 3.2804   266
  3.283   287
 3.2855   289
  3.288   286
 3.2905   289
  3.293   276
 3.2955   275
  3.298   282
 3.3005   267
  3.303   267
 3.3055   267
  3.308   269
 3.3105   276
  3.313   285
 3.3155   294
  3.318   286
 3.3205   282
  3.323   266
 3.3255   266
  3.328   274
 3.3305   288
  3.333   290
 3.3355   284
  3.338   270
 3.3405   282
  3.343   305
 3.3455   301
  3.348   286
 3.3505   286
  3.353   283
 3.3555   275
  3.358   274
 3.3605   266
  3.363   266
 3.3655   270
  3.368   271
 3.3705   276
  3.373   284
 3.3755   273
  3.378   285
 3.3805   300
  3.383   269
 3.3855   257
  3.388   274
 3.3905   280
  3.393   266
 3.3955   270
  3.398   284
 3.4005   288
  3.403   270
 3.4055   254
  3.408   283
 3.4105   304
  3.413   281
 3.4155   252
  3.418   239
 3.4205   252
  3.423   256
 3.4255   275
  3.428   290
 3.4305   274
  3.433   290
 3.4355   287
  3.438   264
 3.4405   271
  3.443   273
 3.4455   267
  3.448   276
 3.4505   277
  3.453   269
 3.4555   261
  3.458   263
 3.4605   255
  3.463   271
 3.4655   275
  3.468   274
 3.4705   264
  3.473   247
 3.4755   254
  3.478   260
 3.4805   256
  3.483   249
 3.4855   258
  3.488   267
 3.4905   259
 3.4931   276
 3.4956   276
 3.4981   263
 3.5006   255
 3.5031   258
 3.5056   249
 3.5081   251
 3.5106   276
 3.5131   254
 3.5156   254
 3.5181   255
 3.5206   252
 3.5231   263
 3.5256   245
 3.5281   243
 3.5306   244
 3.5331   243
 3.5356   235
 3.5381   244
 3.5406   261
 3.5431   262
 3.5456   238
 3.5481   227
 3.5506   238
 3.5531   255
 3.5556   268
 3.5581   258
 3.5606   265
 3.5631   260
 3.5656   248
 3.5681   254
 3.5706   249
 3.5731   251
 3.5756   243
 3.5781   258
 3.5806   252
 3.5831   250
 3.5856   262
 3.5881   252
 3.5906   242
 3.5931   240
 3.5956   244
 3.5981   251
 3.6006   254
 3.6031   251
 3.6056   256
 3.6081   261
 3.6106   265
 3.6131   249
 3.6156   262
 3.6181   269
 3.6206   263
 3.6231   250
 3.6256   234
 3.6281   239
 3.6306   244
 3.6331   240
 3.6356   247
 3.6381   249
 3.6406   252
 3.6431   262
 3.6456   242
 3.6481   254
 3.6506   255
 3.6531   241
 3.6556   226
 3.6581   237
 3.6606   258
 3.6631   246
 3.6656   227
 3.6681   264
 3.6706   244
 3.6731   237
 3.6756   239
 3.6781   237
 3.6806   232
 3.6831   237
 3.6856   221
 3.6881   251
 3.6906   243
 3.6931   243
 3.6956   226
 3.6981   228
 3.7007   224
 3.7032   224
 3.7057   255
 3.7082   241
 3.7107   243
 3.7132   248
 3.7157   243
 3.7182   250
 3.7207   248
 3.7232   227
 3.7257   246
 3.7282   248
 3.7307   240
 3.7332   228
 3.7357   220
 3.7382   220
 3.7407   224
 3.7432   230
 3.7457   227
 3.7482   234
 3.7507   238
 3.7532   223
 3.7557   231
 3.7582   234
 3.7607   221
 3.7632   241
 3.7657   256
 3.7682   208
 3.7707   233
 3.7732   258
 3.7757   264
 3.7782   204
 3.7807   217
 3.7832   252
 3.7857   220
 3.7882   225
 3.7907   230
 3.7932   235
 3.7957   244
 3.7982   225
 3.8007   214
 3.8032   217
 3.8057   216
 3.8082   225
 3.8107   233
 3.8132   241
 3.8157   222
 3.8182   215
 3.8207   242
 3.8232   244
 3.8257   230
 3.8282   223
 3.8307   204
 3.8332   225
 3.8357   222
 3.8382   213
 3.8407   239
 3.8432   225
 3.8457   228
 3.8482   213
 3.8507   248
 3.8532   222
 3.8557   204
 3.8582   233
 3.8607   220
 3.8632   232
 3.8657   212
 3.8682   205
 3.8707   188
 3.8732   194
 3.8757   207
 3.8782   245
 3.8807   208
 3.8832   208
 3.8857   237
 3.8882   221
 3.8907   225
 3.8932   227
 3.8957   196
 3.8982   197
 3.9007   212
 3.9032   212
 3.9057   211
 3.9083   222
 3.9108   208
 3.9133   203
 3.9158   231
 3.9183   208
 3.9208   227
 3.9233   209
 3.9258   202
 3.9283   212
 3.9308   225
 3.9333   206
 3.9358   189
 3.9383   215
 3.9408   217
 3.9433   207
 3.9458   219
 3.9483   229
 3.9508   197
 3.9533   198
 3.9558   199
 3.9583   212
 3.9608   229
 3.9633   205
 3.9658   206
 3.9683   212
 3.9708   193
 3.9733   207
 3.9758   225
 3.9783   224
 3.9808   209
 3.9833   225
 3.9858   197
 3.9883   206
 3.9908   214
 3.9933   189
 3.9958   192
 3.9983   205
 4.0008   221
 4.0033   207
 4.0058   192
 4.0083   217
 4.0108   228
 4.0133   198
 4.0158   204
 4.0183   221
 4.0208   201
 4.0233   207
 4.0258   201
 4.0283   242
 4.0308   220
 4.0333   198
 4.0358   186
 4.0383   207
 4.0408   198
 4.0433   204
 4.0458   197
 4.0483   185
 4.0508   224
 4.0533   218
 4.0558   197
 4.0583   185
 4.0608   189
 4.0633   162
 4.0658   189
 4.0683   183
 4.0708   195
 4.0733   204
 4.0758   203
 4.0783   200
 4.0808   183
 4.0833   219
 4.0858   198
 4.0883   212
 4.0908   203
 4.0933   189
 4.0958   201
 4.0983   178
 4.1008   186
 4.1033   189
 4.1058   202
 4.1083   196
 4.1108   191
 4.1133   202
 4.1158   175
 4.1184   198
 4.1209   178
 4.1234   197
 4.1259   191
 4.1284   202
 4.1309   188
 4.1334   176
 4.1359   199
 4.1384   196
 4.1409   191
 4.1434   204
 4.1459   182
 4.1484   178
 4.1509   178
 4.1534   200
 4.1559   191
 4.1584   196
 4.1609   198
 4.1634   188
 4.1659   193
 4.1684   206
 4.1709   182
 4.1734   187
 4.1759   190
 4.1784   185
 4.1809   203
 4.1834   195
 4.1859   186
 4.1884   188
 4.1909   189
 4.1934   177
 4.1959   187
 4.1984   199
 4.2009   189
 4.2034   185
 4.2059   191
 4.2084   196
 4.2109   179
 4.2134   182
 4.2159   206
 4.2184   186
 4.2209   175
 4.2234   187
 4.2259   190
 4.2284   200
 4.2309   182
 4.2334   199
 4.2359   178
 4.2384   177
 4.2409   198
 4.2434   185
 4.2459   180
 4.2484   171
 4.2509   178
 4.2534   181
 4.2559   194
 4.2584   183
 4.2609   184
 4.2634   185
 4.2659   181
 4.2684   190
 4.2709   195
 4.2734   194
 4.2759   188
 4.2784   178
 4.2809   176
 4.2834   180
 4.2859   184
 4.2884   190
 4.2909   197
 4.2934   199
 4.2959   185
 4.2984   186
 4.3009   186
 4.3034   181
 4.3059   175
 4.3084   181
 4.3109   179
 4.3134   179
 4.3159   186
 4.3184   183
 4.3209   179
 4.3234   176
  4.326   173
 4.3285   174
  4.331   187
 4.3335   187
  4.336   191
 4.3385   191
  4.341   181
 4.3435   196
  4.346   212
 4.3485   209
  4.351   197
 4.3535   201
  4.356   212
 4.3585   217
  4.361   229
 4.3635   222
  4.366   218
 4.3685   222
  4.371   221
 4.3735   232
  4.376   262
 4.3785   271
  4.381   283
 4.3835   284
  4.386   264
 4.3885   290
  4.391   323
 4.3935   341
  4.396   359
 4.3985   377
  4.401   411
 4.4035   448
  4.406   485
 4.4085   504
  4.411   539
 4.4135   605
  4.416   649
 4.4185   683
  4.421   723
 4.4235   767
  4.426   804
 4.4285   838
  4.431   912
 4.4335  1041
  4.436  1107
 4.4385  1117
  4.441  1167
 4.4435  1243
  4.446  1354
 4.4485  1451
  4.451  1509
 4.4535  1590
  4.456  1658
 4.4585  1764
  4.461  1853
 4.4635  1895
  4.466  2030
 4.4685  2086
  4.471  2186
 4.4735  2281
  4.476  2346
 4.4785  2395
  4.481  2458
 4.4835  2528
  4.486  2588
 4.4885  2692
  4.491  2729
 4.4935  2732
  4.496  2773
 4.4985  2824
  4.501  2881
 4.5035  2850
  4.506  2841
 4.5085  2806
  4.511  2787
 4.5135  2792
  4.516  2791
 4.5185  2818
  4.521  2768
 4.5235  2708
  4.526  2612
 4.5285  2581
  4.531  2565
 4.5336  2512
 4.5361  2478
 4.5386  2323
 4.5411  2258
 4.5436  2171
 4.5461  2086
 4.5486  2036
 4.5511  1950
 4.5536  1866
 4.5561  1749
 4.5586  1632
 4.5611  1542
 4.5636  1479
 4.5661  1426
 4.5686  1338
 4.5711  1218
 4.5736  1147
 4.5761  1083
 4.5786  1014
 4.5811   969
 4.5836   902
 4.5861   830
 4.5886   798
 4.5911   744
 4.5936   713
 4.5961   681
 4.5986   597
 4.6011   544
 4.6036   516
 4.6061   490
 4.6086   449
 4.6111   411
 4.6136   368
 4.6161   357
 4.6186   356
 4.6211   330
 4.6236   302
 4.6261   277
 4.6286   270
 4.6311   246
 4.6336   219
 4.6361   238
 4.6386   238
 4.6411   237
 4.6436   204
 4.6461   219
 4.6486   182
 4.6511   185
 4.6536   184
 4.6561   191
 4.6586   194
 4.6611   173
 4.6636   174
 4.6661   170
 4.6686   177
 4.6711   171
 4.6736   163
 4.6761   187
 4.6786   167
 4.6811   159
 4.6836   154
 4.6861   147
 4.6886   139
 4.6911   163
 4.6936   178
 4.6961   168
 4.6986   157
 4.7011   182
 4.7036   187
 4.7061   186
 4.7086   175
 4.7111   177
 4.7136   164
 4.7161   177
 4.7186   163
 4.7211   160
 4.7236   176
 4.7261   179
 4.7286   166
 4.7311   175
 4.7336   168
 4.7361   174
 4.7386   177
 4.7411   158
 4.7437   172
 4.7462   187
 4.7487   163
 4.7512   182
 4.7537   184
 4.7562   181
 4.7587   181
 4.7612   181
 4.7637   199
 4.7662   182
 4.7687   164
 4.7712   169
 4.7737   152
 4.7762   175
 4.7787   164
 4.7812   178
 4.7837   166
 4.7862   185
 4.7887   172
 4.7912   198
 4.7937   188
 4.7962   185
 4.7987   188
 4.8012   197
 4.8037   190
 4.8062   186
 4.8087   188
 4.8112   195
 4.8137   187
 4.8162   172
 4.8187   186
 4.8212   224
 4.8237   225
 4.8262   232
 4.8287   203
 4.8312   212
 4.8337   211
 4.8362   228
 4.8387   213
 4.8412   218
 4.8437   245
 4.8462   241
 4.8487   250
 4.8512   247
 4.8537   274
 4.8562   249
 4.8587   258
 4.8612   288
 4.8637   289
 4.8662   284
 4.8687   306
 4.8712   322
 4.8737   309
 4.8762   303
 4.8787   345
 4.8812   342
 4.8837   364
 4.8862   383
 4.8887   362
 4.8912   379
 4.8937   386
 4.8962   393
 4.8987   432
 4.9012   379
 4.9037   430
 4.9062   432
 4.9087   431
 4.9112   434
 4.9137   463
 4.9162   508
 4.9187   496
 4.9212   474
 4.9237   483
 4.9262   409
 4.9287   475
 4.9312   473
 4.9337   475
 4.9362   479
 4.9387   486
 4.9412   488
 4.9437   459
 4.9462   446
 4.9487   458
 4.9513   431
 4.9538   463
 4.9563   420
 4.9588   410
 4.9613   403
 4.9638   420
 4.9663   372
 4.9688   374
 4.9713   378
 4.9738   348
 4.9763   376
 4.9788   370
 4.9813   341
 4.9838   324
 4.9863   329
 4.9888   300
 4.9913   298
 4.9938   266
 4.9963   261
 4.9988   276
 5.0013   250
 5.0038   259
 5.0063   235
 5.0088   238
 5.0113   187
 5.0138   203
 5.0163   206
 5.0188   194
 5.0213   183
 5.0238   172
 5.0263   193
 5.0288   184
 5.0313   198
 5.0338   170
 5.0363   171
 5.0388   157
 5.0413   162
 5.0438   151
 5.0463   144
 5.0488   146
 5.0513   154
 5.0538   154
 5.0563   134
 5.0588   148
 5.0613   148
 5.0638   151
 5.0663   122
 5.0688   128
 5.0713   129
 5.0738   131
 5.0763   122
 5.0788   126
 5.0813   125
 5.0838   117
 5.0863   137
 5.0888   128
 5.0913   126
 5.0938   124
 5.0963   121
 5.0988   127
 5.1013   118
 5.1038   107
 5.1063   120
 5.1088   122
 5.1113   125
 5.1138   123
 5.1163   114
 5.1188   128
 5.1213   140
 5.1238   119
 5.1263   117
 5.1288   127
 5.1313   118
 5.1338   115
 5.1363   120
 5.1388   127
 5.1413   147
 5.1438   111
 5.1463   124
 5.1488   116
 5.1513   105
 5.1538   127
 5.1563   130
 5.1589   136
 5.1614   133
 5.1639   138
 5.1664   131
 5.1689   132
 5.1714   127
 5.1739   125
 5.1764   122
 5.1789   123
 5.1814   120
 5.1839   122
 5.1864   125
 5.1889   121
 5.1914   128
 5.1939   118
 5.1964   116
 5.1989   122
 5.2014   118
 5.2039   126
 5.2064   127
 5.2089   124
 5.2114   125
 5.2139   129
 5.2164   127
 5.2189   127
 5.2214   112
 5.2239   112
 5.2264   130
 5.2289   126
 5.2314   122
 5.2339   101
 5.2364   111
 5.2389   114
 5.2414   105
 5.2439   104
 5.2464   123
 5.2489   127
 5.2514   117
 5.2539   119
 5.2564   125
 5.2589   111
 5.2614   118
 5.2639   113
 5.2664   115
 5.2689   111
 5.2714   117
 5.2739   121
 5.2764   116
 5.2789   114
 5.2814   130
 5.2839   132
 5.2864   114
 5.2889   123
 5.2914   129
 5.2939   120
 5.2964   112
 5.2989   115
 5.3014   120
 5.3039   135
 5.3064   117
 5.3089   115
 5.3114   119
 5.3139   114
 5.3164   109
 5.3189    99
 5.3214   115
 5.3239   115
 5.3264   116
 5.3289   114
 5.3314   113
 5.3339   114
 5.3364   114
 5.3389   114
 5.3414   119
 5.3439   115
 5.3464   114
 5.3489   114
 5.3514   109
 5.3539   114
 5.3564   118
 5.3589   114
 5.3614   102
 5.3639   100
 5.3664   103
  5.369   100
 5.3715   114
  5.374   122
 5.3765   117
  5.379   106
 5.3815   103
  5.384   109
 5.3865   106
  5.389   116
 5.3915   115
  5.394   109
 5.3965   118
  5.399   109
 5.4015    97
  5.404   104
 5.4065   112
  5.409   110
 5.4115   104
  5.414   111
 5.4165   113
  5.419   102
 5.4215   103
  5.424   116
 5.4265   116
  5.429   109
 5.4315   112
  5.434   106
 5.4365   111
  5.439   121
 5.4415   106
  5.444   102
 5.4465   106
  5.449   112
 5.4515   113
  5.454   107
 5.4565   109
  5.459   109
 5.4615   109
  5.464   107
 5.4665   108
  5.469   103
 5.4715    99
  5.474   105
 5.4765   106
  5.479   108
 5.4815   111
  5.484   100
 5.4865   100
  5.489   110
 5.4915   116
  5.494   115
 5.4965   122
  5.499   103
 5.5015    88
  5.504    94
 5.5065   102
  5.509   106
 5.5115    99
  5.514   103
 5.5165   111
  5.519   101
 5.5215    98
  5.524   103
 5.5265   100
  5.529   105
 5.5315   105
  5.534   103
 5.5365   101
  5.539    96
 5.5415    93
  5.544    95
 5.5465    92
  5.549    90
 5.5515    93
  5.554    89
 5.5565   110
  5.559   103
 5.5615    99
  5.564    94
 5.5665   113
  5.569   105
 5.5715   101
  5.574    88
 5.5766    83
 5.5791    75
 5.5816    82
 5.5841    91
 5.5866    85
 5.5891    99
 5.5916   113
 5.5941    90
 5.5966    99
 5.5991    98
 5.6016   107
 5.6041    98
 5.6066    99
 5.6091    93
 5.6116    94
 5.6141    99
 5.6166    95
 5.6191   101
 5.6216    89
 5.6241   108
 5.6266    97
 5.6291   103
 5.6316   100
 5.6341    85
 5.6366    90
 5.6391    95
 5.6416    91
 5.6441    99
 5.6466    99
 5.6491    84
 5.6516    94
 5.6541   102
 5.6566    97
 5.6591    89
 5.6616    93
 5.6641   101
 5.6666   101
 5.6691    93
 5.6716    92
 5.6741    88
 5.6766    94
 5.6791   103
 5.6816   112
 5.6841   108
 5.6866   112
 5.6891   106
 5.6916   101
 5.6941   105
 5.6966   102
 5.6991    90
 5.7016    90
 5.7041    99
 5.7066   102
 5.7091    96
 5.7116    95
 5.7141   100
 5.7166    94
 5.7191   107
 5.7216    92
 5.7241    98
 5.7266    93
 5.7291    94
 5.7316    87
 5.7341    85
 5.7366    92
 5.7391    86
 5.7416    88
 5.7441    77
 5.7466    83
 5.7491    85
 5.7516    84
 5.7541   100
 5.7566   100
 5.7591    86
 5.7616    94
 5.7641   101
 5.7666   102
 5.7691    83
 5.7716    87
 5.7741    90
 5.7766    85
 5.7791    83
 5.7816    95
 5.7842    99
 5.7867    95
 5.7892   101
 5.7917   111
 5.7942    85
 5.7967    90
 5.7992    97
 5.8017    92
 5.8042    84
 5.8067    86
 5.8092    94
 5.8117    92
 5.8142    92
 5.8167    87
 5.8192   113
 5.8217    87
 5.8242    97
 5.8267    78
 5.8292    81
 5.8317    87
 5.8342    88
 5.8367    85
 5.8392    83
 5.8417    91
 5.8442   103
 5.8467    83
 5.8492    90
 5.8517    85
 5.8542   107
 5.8567   103
 5.8592    96
 5.8617   102
 5.8642    89
 5.8667   113
 5.8692    85
 5.8717    97
 5.8742   106
 5.8767    85
 5.8792    91
 5.8817   100
 5.8842    82
 5.8867    97
 5.8892   107
 5.8917    85
 5.8942    95
 5.8967    97
 5.8992    99
 5.9017    82
 5.9042    90
 5.9067    79
 5.9092    92
 5.9117   101
 5.9142    82
 5.9167    86
 5.9192    88
 5.9217    86
 5.9242    96
 5.9267    67
 5.9292   113
 5.9317    84
 5.9342   101
 5.9367    94
 5.9392    91
 5.9417    67
 5.9442    84
 5.9467    70
 5.9492    72
 5.9517    77
 5.9542    93
 5.9567    79
 5.9592    93
 5.9617   107
 5.9642    85
 5.9667    95
 5.9692    77
 5.9717   100
 5.9742    74
 5.9767    82
 5.9792    76
 5.9817    69
 5.9842   106
 5.9867    72
 5.9892    89
 5.9917    97
 5.9943    86
 5.9968    71
 5.9993    79
 6.0018    70
 6.0043    98
 6.0068    89
 6.0093    92
 6.0118   101
 6.0143    84
 6.0168    81
 6.0193    87
 6.0218    98
 6.0243    76
 6.0268    88
 6.0293    87
 6.0318    94
 6.0343    65
 6.0368    89
 6.0393   100
 6.0418    81
 6.0443    90
 6.0468    87
 6.0493    88
 6.0518    97
 6.0543    73
 6.0568    84
 6.0593    64
 6.0618    87
 6.0643    93
 6.0668    83
 6.0693    70
 6.0718    74
 6.0743   101
 6.0768    94
 6.0793    78
 6.0818    78
 6.0843    90
 6.0868    73
 6.0893    78
 6.0918    65
 6.0943    85
 6.0968    73
 6.0993    94
 6.1018    77
 6.1043    84
 6.1068    73
 6.1093    78
 6.1118    70
 6.1143    77
 6.1168    82
 6.1193    74
 6.1218   103
 6.1243    77
 6.1268    72
 6.1293    81
 6.1318    66
 6.1343    70
 6.1368    73
 6.1393    88
 6.1418    91
 6.1443    69
 6.1468    66
 6.1493    78
 6.1518    72
 6.1543    77
 6.1568    71
 6.1593    67
 6.1618    66
 6.1643    85
 6.1668    74
 6.1693    67
 6.1718    81
 6.1743    78
 6.1768    87
 6.1793    75
 6.1818    69
 6.1843    88
 6.1868    80
 6.1893    72
 6.1918    73
 6.1943    74
 6.1968    86
 6.1993    81
 6.2019    78
 6.2044    81
 6.2069    96
 6.2094    80
 6.2119    86
 6.2144    83
 6.2169    88
 6.2194    69
 6.2219    88
 6.2244    83
 6.2269    80
 6.2294    82
 6.2319    72
 6.2344    87
 6.2369    83
 6.2394    92
 6.2419    70
 6.2444    63
 6.2469    68
 6.2494    75
 6.2519    65
 6.2544    63
 6.2569    60
 6.2594    82
 6.2619    69
 6.2644    73
 6.2669    70
 6.2694    75
 6.2719    98
 6.2744    79
 6.2769    69
 6.2794    64
 6.2819    60
 6.2844    71
 6.2869    75
 6.2894    75
 6.2919    66
 6.2944    64
 6.2969    84
 6.2994    67
 6.3019    81
 6.3044    71
 6.3069    82
 6.3094    76
 6.3119    82
 6.3144    90
 6.3169    97
 6.3194    82
 6.3219    77
 6.3244    88
 6.3269    70
 6.3294    85
 6.3319    83
 6.3344    75
 6.3369    74
 6.3394    68
 6.3419    56
 6.3444    92
 6.3469    76
 6.3494    71
 6.3519    84
 6.3544    79
 6.3569    68
 6.3594    77
 6.3619    79
 6.3644    69
 6.3669    73
 6.3694   102
 6.3719    91
 6.3744    84
 6.3769   101
 6.3794    77
 6.3819    73
 6.3844   102
 6.3869    82
 6.3894    79
 6.3919    77
 6.3944    81
 6.3969    89
 6.3994    69
 6.4019    98
 6.4044   105
 6.4069    80
 6.4095    82
  6.412    74
 6.4145    76
  6.417    84
 6.4195    82
  6.422    85
 6.4245    96
  6.427    79
 6.4295    76
  6.432    85
 6.4345    70
  6.437    65
 6.4395    81
  6.442    83
 6.4445    70
  6.447    75
 6.4495    83
  6.452    62
 6.4545    78
  6.457    87
 6.4595    78
  6.462    69
 6.4645    63
  6.467    84
 6.4695    61
  6.472    74
 6.4745    82
  6.477    78
 6.4795    71
  6.482    73
 6.4845    61
  6.487    69
 6.4895    63
  6.492    60
 6.4945    70
  6.497    79
 6.4995    83
  6.502    65
 6.5045    69
  6.507    65
 6.5095    64
  6.512    70
 6.5145    61
  6.517    73
 6.5195    59
  6.522    74
 6.5245    84
  6.527    67
 6.5295    53
  6.532    55
 6.5345    71
  6.537    70
 6.5395    64
  6.542    64
 6.5445    61
  6.547    65
 6.5495    66
  6.552    83
 6.5545    66
  6.557    63
 6.5595    62
  6.562    58
 6.5645    60
  6.567    61
 6.5695    67
  6.572    51
 6.5745    82
  6.577    75
 6.5795    81
  6.582    68
 6.5845    74
  6.587    71
 6.5895    49
  6.592    67
 6.5945    63
  6.597    55
 6.5995    58
  6.602    64
 6.6045    70
  6.607    62
 6.6095    55
  6.612    62
 6.6145    63
  6.617    63
 6.6196    53
 6.6221    70
 6.6246    59
 6.6271    76
 6.6296    59
 6.6321    66
 6.6346    61
 6.6371    63
 6.6396    77
 6.6421    66
 6.6446    53
 6.6471    71
 6.6496    75
 6.6521    66
 6.6546    68
 6.6571    55
 6.6596    63
 6.6621    61
 6.6646    77
 6.6671    61
 6.6696    57
 6.6721    67
 6.6746    56
 6.6771    63
 6.6796    64
 6.6821    65
 6.6846    76
 6.6871    64
 6.6896    75
 6.6921    68
 6.6946    56
 6.6971    64
 6.6996    60
 6.7021    71
 6.7046    70
 6.7071    58
 6.7096    57
 6.7121    76
 6.7146    58
 6.7171    69
 6.7196    59
 6.7221    46
 6.7246    55
 6.7271    57
 6.7296    53
 6.7321    71
 6.7346    58
 6.7371    74
 6.7396    54
 6.7421    73
 6.7446    57
 6.7471    56
 6.7496    61
 6.7521    67
 6.7546    59
 6.7571    57
 6.7596    60
 6.7621    70
 6.7646    65
 6.7671    63
 6.7696    63
 6.7721    53
 6.7746    62
 6.7771    60
 6.7796    47
 6.7821    50
 6.7846    63
 6.7871    64
 6.7896    56
 6.7921    69
 6.7946    49
 6.7971    60
 6.7996    58
 6.8021    52
 6.8046    50
 6.8071    84
 6.8096    60
 6.8121    47
 6.8146    57
 6.8171    57
 6.8196    66
 6.8221    53
 6.8246    59
 6.8272    60
 6.8297    59
 6.8322    55
 6.8347    49
 6.8372    54
 6.8397    62
 6.8422    52
 6.8447    51
 6.8472    59
 6.8497    62
 6.8522    56
 6.8547    47
 6.8572    45
 6.8597    43
 6.8622    53
 6.8647    54
 6.8672    61
 6.8697    67
 6.8722    44
 6.8747    55
 6.8772    56
 6.8797    72
 6.8822    70
 6.8847    56
 6.8872    49
 6.8897    59
 6.8922    58
 6.8947    46
 6.8972    52
 6.8997    69
 6.9022    59
 6.9047    55
 6.9072    49
 6.9097    53
 6.9122    45
 6.9147    54
 6.9172    71
 6.9197    46
 6.9222    57
 6.9247    45
 6.9272    36
 6.9297    49
 6.9322    56
 6.9347    59
 6.9372    48
 6.9397    47
 6.9422    60
 6.9447    58
 6.9472    55
 6.9497    54
 6.9522    53
 6.9547    39
 6.9572    53
 6.9597    54
 6.9622    54
 6.9647    47
 6.9672    47
 6.9697    52
 6.9722    50
 6.9747    60
 6.9772    55
 6.9797    43
 6.9822    61
 6.9847    63
 6.9872    56
 6.9897    49
 6.9922    53
 6.9947    55
 6.9972    59
 6.9997    51
 7.0022    66
 7.0047    53
 7.0072    59
 7.0097    42
 7.0122    56
 7.0147    56
 7.0172    56
 7.0197    54
 7.0222    49
 7.0247    44
 7.0272    58
 7.0297    48
 7.0322    46
 7.0348    49
 7.0373    68
 7.0398    50
 7.0423    57
 7.0448    52
 7.0473    55
 7.0498    44
 7.0523    62
 7.0548    52
 7.0573    56
 7.0598    61
 7.0623    50
 7.0648    55
 7.0673    42
 7.0698    67
 7.0723    40
 7.0748    42
 7.0773    51
 7.0798    45
 7.0823    46
 7.0848    64
 7.0873    55
 7.0898    56
 7.0923    44
 7.0948    41
 7.0973    54
 7.0998    59
 7.1023    49
 7.1048    54
 7.1073    42
 7.1098    50
 7.1123    40
 7.1148    45
 7.1173    51
 7.1198    57
 7.1223    62
 7.1248    54
 7.1273    61
 7.1298    38
 7.1323    46
 7.1348    47
 7.1373    47
 7.1398    49
 7.1423    50
 7.1448    49
 7.1473    57
 7.1498    57
 7.1523    57
 7.1548    57
 7.1573    50
 7.1598    52
 7.1623    42
 7.1648    47
 7.1673    43
 7.1698    40
 7.1723    46
 7.1748    46
 7.1773    52
 7.1798    35
 7.1823    40
 7.1848    48
 7.1873    46
 7.1898    57
 7.1923    35
 7.1948    26
 7.1973    54
 7.1998    53
 7.2023    41
 7.2048    46
 7.2073    37
 7.2098    52
 7.2123    45
 7.2148    49
 7.2173    52
 7.2198    42
 7.2223    49
 7.2248    46
 7.2273    63
 7.2298    35
 7.2323    42
 7.2348    54
 7.2373    51
 7.2398    45
 7.2423    37
 7.2449    42
 7.2474    54
 7.2499    43
 7.2524    38
 7.2549    44
 7.2574    52
 7.2599    63
 7.2624    45
 7.2649    46
 7.2674    38
 7.2699    37
 7.2724    60
 7.2749    45
 7.2774    47
 7.2799    62
 7.2824    39
 7.2849    39
 7.2874    52
 7.2899    41
 7.2924    41
 7.2949    61
 7.2974    49
 7.2999    50
 7.3024    55
 7.3049    46
 7.3074    50
 7.3099    35
 7.3124    45
 7.3149    41
 7.3174    52
 7.3199    51
 7.3224    40
 7.3249    48
 7.3274    50
 7.3299    48
 7.3324    34
 7.3349    46
 7.3374    36
 7.3399    53
 7.3424    48
 7.3449    45
 7.3474    41
 7.3499    44
 7.3524    40
 7.3549    37
 7.3574    42
 7.3599    39
 7.3624    38
 7.3649    43
 7.3674    47
 7.3699    39
 7.3724    40
 7.3749    50
 7.3774    50
 7.3799    45
 7.3824    48
 7.3849    36
 7.3874    45
 7.3899    41
 7.3924    43
 7.3949    42
 7.3974    38
 7.3999    46
 7.4024    40
 7.4049    45
 7.4074    40
 7.4099    39
 7.4124    43
 7.4149    38
 7.4174    34
 7.4199    49
 7.4224    39
 7.4249    38
 7.4274    42
 7.4299    37
 7.4324    33
 7.4349    37
 7.4374    41
 7.4399    31
 7.4424    40
 7.4449    44
 7.4474    40
 7.4499    33
 7.4525    34
  7.455    37
 7.4575    36
   7.46    45
 7.4625    45
  7.465    35
 7.4675    37
   7.47    29
 7.4725    48
  7.475    33
 7.4775    40
   7.48    33
 7.4825    41
  7.485    37
 7.4875    40
   7.49    36
 7.4925    40
  7.495    44
 7.4975    34
    7.5    51
 7.5025    33
  7.505    33
 7.5075    44
   7.51    38
 7.5125    31
  7.515    41
 7.5175    36
   7.52    43
 7.5225    35
  7.525    29
 7.5275    32
   7.53    35
 7.5325    34
  7.535    33
 7.5375    45
   7.54    32
 7.5425    44
  7.545    45
 7.5475    45
   7.55    29
 7.5525    39
  7.555    45
 7.5575    39
   7.56    35
 7.5625    44
  7.565    40
 7.5675    47
   7.57    40
 7.5725    24
  7.575    39
 7.5775    35
   7.58    30
 7.5825    28
  7.585    45
 7.5875    36
   7.59    36
 7.5925    45
  7.595    32
 7.5975    40
    7.6    40
 7.6025    41
  7.605    38
 7.6075    43
   7.61    33
 7.6125    30
  7.615    42
 7.6175    29
   7.62    26
 7.6225    26
  7.625    32
 7.6275    42
   7.63    27
 7.6325    29
  7.635    45
 7.6375    40
   7.64    37
 7.6425    32
  7.645    31
 7.6475    31
   7.65    38
 7.6525    31
  7.655    28
 7.6575    35
 7.6601    34
 7.6626    53
 7.6651    40
 7.6676    42
 7.6701    33
 7.6726    30
 7.6751    39
 7.6776    35
 7.6801    35
 7.6826    31
 7.6851    36
 7.6876    36
 7.6901    36
 7.6926    35
 7.6951    33
 7.6976    36
 7.7001    24
 7.7026    34
 7.7051    44
 7.7076    41
 7.7101    35
 7.7126    35
 7.7151    35
 7.7176    39
 7.7201    48
 7.7226    34
 7.7251    36
 7.7276    32
 7.7301    34
 7.7326    31
 7.7351    27
 7.7376    40
 7.7401    25
 7.7426    37
 7.7451    43
 7.7476    27
 7.7501    46
 7.7526    35
 7.7551    36
 7.7576    34
 7.7601    27
 7.7626    29
 7.7651    32
 7.7676    35
 7.7701    40
 7.7726    28
 7.7751    32
 7.7776    30
 7.7801    36
 7.7826    35
 7.7851    28
 7.7876    35
 7.7901    23
 7.7926    26
 7.7951    41
 7.7976    44
 7.8001    29
 7.8026    35
 7.8051    28
 7.8076    32
 7.8101    31
 7.8126    29
 7.8151    31
 7.8176    33
 7.8201    28
 7.8226    23
 7.8251    24
 7.8276    45
 7.8301    41
 7.8326    35
 7.8351    26
 7.8376    31
 7.8401    42
 7.8426    27
 7.8451    41
 7.8476    41
 7.8501    30
 7.8526    33
 7.8551    28
 7.8576    36
 7.8601    39
 7.8626    25
 7.8651    24
 7.8676    37
 7.8702    29
 7.8727    34
 7.8752    34
 7.8777    28
 7.8802    24
 7.8827    37
 7.8852    19
 7.8877    32
 7.8902    37
 7.8927    33
 7.8952    31
 7.8977    32
 7.9002    36
 7.9027    28
 7.9052    28
 7.9077    37
 7.9102    27
 7.9127    36
 7.9152    26
 7.9177    29
 7.9202    26
 7.9227    34
 7.9252    39
 7.9277    35
 7.9302    32
 7.9327    22
 7.9352    32
 7.9377    25
 7.9402    28
 7.9427    35
 7.9452    33
 7.9477    19
 7.9502    30
 7.9527    18
 7.9552    40
 7.9577    29
 7.9602    35
 7.9627    31
 7.9652    30
 7.9677    27
 7.9702    24
 7.9727    40
 7.9752    36
 7.9777    41
 7.9802    32
 7.9827    30
 7.9852    29
 7.9877    18
 7.9902    32
 7.9927    33
 7.9952    28
 7.9977    27
 8.0002    38
 8.0027    22
 8.0052    32
 8.0077    25
 8.0102    33
 8.0127    32
 8.0152    33
 8.0177    28
 8.0202    36
 8.0227    27
 8.0252    36
 8.0277    30
 8.0302    27
 8.0327    31
 8.0352    23
 8.0377    34
 8.0402    42
 8.0427    33
 8.0452    38
 8.0477    30
 8.0502    33
 8.0527    41
 8.0552    33
 8.0577    28
 8.0602    37
 8.0627    28
 8.0652    32
 8.0677    28
 8.0702    25
 8.0727    39
 8.0752    24
 8.0778    27
 8.0803    35
 8.0828    30
 8.0853    40
 8.0878    22
 8.0903    36
 8.0928    28
 8.0953    33
 8.0978    22
 8.1003    28
 8.1028    39
 8.1053    21
 8.1078    30
 8.1103    35
 8.1128    27
 8.1153    34
 8.1178    36
 8.1203    30
 8.1228    26
 8.1253    35
 8.1278    23
 8.1303    24
 8.1328    24
 8.1353    29
 8.1378    20
 8.1403    20
 8.1428    27
 8.1453    31
 8.1478    22
 8.1503    25
 8.1528    32
 8.1553    22
 8.1578    22
 8.1603    22
 8.1628    17
 8.1653    16
 8.1678    33
 8.1703    14
 8.1728    20
 8.1753    25
 8.1778    30
 8.1803    30
 8.1828    17
 8.1853    25
 8.1878    21
 8.1903    26
 8.1928    35
 8.1953    28
 8.1978    27
 8.2003    33
 8.2028    22
 8.2053    24
 8.2078    27
 8.2103    32
 8.2128    26
 8.2153    26
 8.2178    23
 8.2203    32
 8.2228    19
 8.2253    22
 8.2278    26
 8.2303    32
 8.2328    26
 8.2353    21
 8.2378    23
 8.2403    24
 8.2428    24
 8.2453    20
 8.2478    25
 8.2503    29
 8.2528    33
 8.2553    23
 8.2578    29
 8.2603    29
 8.2628    19
 8.2653    30
 8.2678    17
 8.2703    26
 8.2728    21
 8.2753    17
 8.2778    33
 8.2803    23
 8.2828    24
 8.2854    23
 8.2879    14
 8.2904    27
 8.2929    25
 8.2954    23
 8.2979    18
 8.3004    28
 8.3029    31
 8.3054    20
 8.3079    27
 8.3104    23
 8.3129    20
 8.3154    31
 8.3179    14
 8.3204    23
 8.3229    16
 8.3254    21
 8.3279    25
 8.3304    25
 8.3329    10
 8.3354    27
 8.3379    26
 8.3404    25
 8.3429    28
 8.3454    27
 8.3479    22
 8.3504    23
 8.3529    19
 8.3554    24
 8.3579    23
 8.3604    28
 8.3629    25
 8.3654    24
 8.3679    24
 8.3704    17
 8.3729    23
 8.3754    27
 8.3779    25
 8.3804    27
 8.3829    19
 8.3854    22
 8.3879    20
 8.3904    16
 8.3929    18
 8.3954    24
 8.3979    17
 8.4004    22
 8.4029    17
 8.4054    23
 8.4079    18
 8.4104    20
 8.4129    20
 8.4154    24
 8.4179    23
 8.4204    18
 8.4229    21
 8.4254    31
 8.4279    14
 8.4304    11
 8.4329    20
 8.4354    19
 8.4379    31
 8.4404    21
 8.4429    21
 8.4454    24
 8.4479    23
 8.4504    19
 8.4529    25
 8.4554    25
 8.4579    23
 8.4604    18
 8.4629    22
 8.4654    19
 8.4679    16
 8.4704    20
 8.4729    18
 8.4754    20
 8.4779    28
 8.4804    26
 8.4829    17
 8.4854    22
 8.4879    24
 8.4904    25
 8.4929    22
 8.4955    19
  8.498    17
 8.5005    12
  8.503    27
 8.5055    16
  8.508    28
 8.5105    16
  8.513    18
 8.5155    17
  8.518    24
 8.5205    27
  8.523    31
 8.5255    17
  8.528    23
 8.5305    20
  8.533    19
 8.5355    16
  8.538    17
 8.5405    18
  8.543    23
 8.5455    14
  8.548    23
 8.5505    17
  8.553    23
 8.5555    14
  8.558    17
 8.5605    18
  8.563    24
 8.5655    16
  8.568    28
 8.5705    21
  8.573    17
 8.5755    17
  8.578    11
 8.5805    25
  8.583    22
 8.5855    23
  8.588    20
 8.5905    19
  8.593    16
 8.5955    17
  8.598    18
 8.6005    12
  8.603    14
 8.6055    21
  8.608    24
 8.6105    24
  8.613    17
 8.6155    12
  8.618    16
 8.6205    14
  8.623    19
 8.6255    15
  8.628    15
 8.6305    20
  8.633    21
 8.6355    15
  8.638    19
 8.6405    18
  8.643    17
 8.6455    20
  8.648    15
 8.6505    14
  8.653    16
 8.6555    15
  8.658    21
 8.6605    26
  8.663    18
 8.6655    21
  8.668    20
 8.6705    24
  8.673    22
 8.6755    14
  8.678    16
 8.6805    16
  8.683    17
 8.6855    16
  8.688    12
 8.6905    14
  8.693    25
 8.6955    13
  8.698    17
 8.7005    12
 8.7031    12
 8.7056    16
 8.7081    16
 8.7106    16
 8.7131    20
 8.7156    15
 8.7181    17
 8.7206    16
 8.7231     8
 8.7256    17
 8.7281    18
 8.7306    16
 8.7331    10
 8.7356    15
 8.7381    12
 8.7406    13
 8.7431    24
 8.7456    14
 8.7481    11
 8.7506    15
 8.7531    16
 8.7556    27
 8.7581    16
 8.7606    15
 8.7631    24
 8.7656    18
 8.7681     8
 8.7706    20
 8.7731    11
 8.7756    18
 8.7781    13
 8.7806    10
 8.7831    15
 8.7856    12
 8.7881    19
 8.7906     9
 8.7931    23
 8.7956    10
 8.7981    20
 8.8006    18
 8.8031    12
 8.8056    24
 8.8081    14
 8.8106    13
 8.8131    11
 8.8156    14
 8.8181    11
 8.8206    17
 8.8231    14
 8.8256    17
 8.8281    14
 8.8306    13
 8.8331    17
 8.8356    15
 8.8381    21
 8.8406    19
 8.8431    11
 8.8456    16
 8.8481    20
 8.8506    16
 8.8531    15
 8.8556    17
 8.8581    11
 8.8606    20
 8.8631    13
 8.8656     9
 8.8681    16
 8.8706    14
 8.8731    11
 8.8756    13
 8.8781    16
 8.8806    16
 8.8831    13
 8.8856    13
 8.8881    11
 8.8906    22
 8.8931    13
 8.8956    10
 8.8981    13
 8.9006    13
 8.9031    15
 8.9056    15
 8.9081    10
 8.9107     8
 8.9132    20
 8.9157    14
 8.9182     9
 8.9207    12
 8.9232    10
 8.9257    11
 8.9282    12
 8.9307    17
 8.9332    13
 8.9357    10
 8.9382     9
 8.9407    14
 8.9432    16
 8.9457    10
 8.9482    10
 8.9507    16
 8.9532     9
 8.9557    13
 8.9582    15
 8.9607    12
 8.9632    15
 8.9657    15
 8.9682    15
 8.9707    10
 8.9732    18
 8.9757     8
 8.9782    16
 8.9807     9
 8.9832    13
 8.9857    14
 8.9882    15
 8.9907    17
 8.9932    10
 8.9957    12
 8.9982    12
 9.0007    13
 9.0032     9
 9.0057    11
 9.0082    24
 9.0107    15
 9.0132    10
 9.0157     5
 9.0182    10
 9.0207    12
 9.0232    12
 9.0257    11
 9.0282    17
 9.0307    12
 9.0332    13
 9.0357     5
 9.0382     7
 9.0407    18
 9.0432    15
 9.0457    19
 9.0482    13
 9.0507    13
 9.0532    11
 9.0557     8
 9.0582    14
 9.0607    16
 9.0632     7
 9.0657     7
 9.0682    11
 9.0707    11
 9.0732    12
 9.0757     8
 9.0782    13
 9.0807    22
 9.0832    10
 9.0857    10
 9.0882     9
 9.0907    13
 9.0932    11
 9.0957     9
 9.0982     9
 9.1007     9
 9.1032     9
 9.1057    10
 9.1082    21
 9.1107     7
 9.1132    13
 9.1157    15
 9.1182     8
 9.1208     9
 9.1233    14
 9.1258     8
 9.1283     4
 9.1308     7
 9.1333    12
 9.1358    11
 9.1383    12
 9.1408    12
 9.1433    14
 9.1458     7
 9.1483    14
 9.1508    14
 9.1533     9
 9.1558     7
 9.1583    12
 9.1608    17
 9.1633     8
 9.1658    10
 9.1683     7
 9.1708    11
 9.1733     9
 9.1758     9
 9.1783     8
 9.1808     9
 9.1833    13
 9.1858    10
 9.1883    10
 9.1908     6
 9.1933     9
 9.1958     8
 9.1983     5
 9.2008     9
 9.2033    12
 9.2058    18
 9.2083     7
 9.2108    11
 9.2133    11
 9.2158    10
 9.2183    10
 9.2208    13
 9.2233     6
 9.2258    11
 9.2283    10
 9.2308     5
 9.2333     8
 9.2358    11
 9.2383     8
 9.2408     6
 9.2433     7
 9.2458    12
 9.2483    13
 9.2508    11
 9.2533    17
 9.2558     7
 9.2583     6
 9.2608    12
 9.2633     6
 9.2658     9
 9.2683     7
 9.2708     6
 9.2733     8
 9.2758     8
 9.2783    11
 9.2808     6
 9.2833     6
 9.2858     7
 9.2883     4
 9.2908     8
 9.2933    10
 9.2958    11
 9.2983    13
 9.3008    11
 9.3033     6
 9.3058    10
 9.3083     9
 9.3108     7
 9.3133    10
 9.3158    11
 9.3183     9
 9.3208     7
 9.3233     7
 9.3258    12
 9.3284    15
 9.3309    12
 9.3334    10
 9.3359     4
 9.3384     3
 9.3409    10
 9.3434     6
 9.3459     5
 9.3484     6
 9.3509     6
 9.3534    11
 9.3559     8
 9.3584     7
 9.3609     6
 9.3634    13
 9.3659     4
 9.3684    12
 9.3709     6
 9.3734     5
 9.3759    11
 9.3784     5
 9.3809     4
 9.3834     8
 9.3859    14
 9.3884    11
 9.3909     8
 9.3934     4
 9.3959     7
 9.3984     3
 9.4009     6
 9.4034     5
 9.4059     5
 9.4084     5
 9.4109    10
 9.4134     8
 9.4159     7
 9.4184     8
 9.4209     8
 9.4234     6
 9.4259     4
 9.4284     4
 9.4309     6
 9.4334     6
 9.4359     7
 9.4384     8
 9.4409     4
 9.4434     7
 9.4459     6
 9.4484     8
 9.4509     4
 9.4534     1
 9.4559     7
 9.4584     9
 9.4609     4
 9.4634     7
 9.4659     0
 9.4684     8
 9.4709     5
 9.4734     8
 9.4759    10
 9.4784     5
 9.4809     5
 9.4834     5
 9.4859     4
 9.4884     9
 9.4909     6
 9.4934     5
 9.4959     7
 9.4984     6
 9.5009     3
 9.5034    10
 9.5059     5
 9.5084     5
 9.5109     5
 9.5134     7
 9.5159     3
 9.5184     5
 9.5209     5
 9.5234     5
 9.5259     5
 9.5284     5
 9.5309     7
 9.5334     5
  9.536     7
 9.5385     4
  9.541     5
 9.5435     2
  9.546     6
 9.5485     7
  9.551     6
 9.5535    10
  9.556     2
 9.5585     5
  9.561     5
 9.5635     5
  9.566     8
 9.5685     5
  9.571     4
 9.5735     8
  9.576     4
 9.5785     5
  9.581     5
 9.5835     5
  9.586     5
 9.5885     5
  9.591     4
 9.5935     9
  9.596     5
 9.5985     3
  9.601     4
 9.6035     2
  9.606     5
 9.6085     4
  9.611     7
 9.6135     3
  9.616     4
 9.6185     3
  9.621     1
 9.6235     5
  9.626     9
 9.6285     6
  9.631     3
 9.6335     4
  9.636     5
 9.6385     3
  9.641     6
 9.6435     4
  9.646     5
 9.6485     4
  9.651     3
 9.6535     4
  9.656     4
 9.6585     6
  9.661     6
 9.6635     3
  9.666     1
 9.6685     4
  9.671     4
 9.6735     3
  9.676     5
 9.6785     4
  9.681     4
 9.6835     4
  9.686     7
 9.6885     7
  9.691     9
 9.6935     9
  9.696     8
 9.6985     2
  9.701     4
 9.7035     4
  9.706     3
 9.7085     2
  9.711     3
 9.7135     5
  9.716     7
 9.7185     6
  9.721     1
 9.7235     4
  9.726     5
 9.7285     8
  9.731     6
 9.7335     2
  9.736     3
 9.7385     4
  9.741     2
 9.7435     0
 9.7461     0
 9.7486     4
 9.7511     3
 9.7536     3
 9.7561     3
 9.7586     2
 9.7611     3
 9.7636     4
 9.7661     1
 9.7686     1
 9.7711     4
 9.7736     2
 9.7761     2
 9.7786     2
 9.7811     2
 9.7836     5
 9.7861     4
 9.7886     5
 9.7911     3
 9.7936     1
 9.7961     1
 9.7986     4
 9.8011     7
 9.8036     1
 9.8061     3
 9.8086     3
 9.8111     2
 9.8136     2
 9.8161     3
 9.8186     5
 9.8211     4
 9.8236     3
 9.8261     2
 9.8286     0
 9.8311     5
 9.8336     5
 9.8361     2
 9.8386     3
 9.8411     1
 9.8436     2
 9.8461     0
 9.8486     2
 9.8511     1
 9.8536     4
 9.8561     1
 9.8586     1
 9.8611     4
 9.8636     3
 9.8661     2
 9.8686     4
 9.8711     2
 9.8736     3
 9.8761     0
 9.8786     3
 9.8811     0
 9.8836     1
 9.8861     3
 9.8886     2
 9.8911     2
 9.8936     1
 9.8961     2
 9.8986     1
 9.9011     1
 9.9036     2
 9.9061     1
 9.9086     0
 9.9111     0
 9.9136     0
 9.9161     1
 9.9186     3
 9.9211     2
 9.9236     0
 9.9261     1
 9.9286     1
 9.9311     2
 9.9336     0
 9.9361     2
 9.9386     1
 9.9411     2
 9.9436     1
 9.9461     2
 9.9486     1
 9.9511     2
 9.9537     1
 9.9562     1
 9.9587     0
 9.9612     1
 9.9637     0
 9.9662     1
 9.9687     1
 9.9712     0
 9.9737     0
 9.9762     2
 9.9787     0
 9.9812     1
 9.9837     2
 9.9862     2
 9.9887     2
 9.9912     0
 9.9937     0
 9.9962     0
 9.9987     1
10.0012     2
10.0037     0
